    A       B       C     b_limite       Volumen           Area Superficial
 ================================================================================
   2.000   2.000   2.000    2.8280      4.121448E+01      7.608394E+01
   2.000   2.000   2.100    2.8980      5.992675E+01      8.794221E+01
   2.000   2.000   2.200    2.9720      8.069224E+01      1.003573E+02
   2.000   2.000   2.300    3.0460      1.036156E+02      1.137677E+02
   2.000   2.000   2.400    3.1240      1.288020E+02      1.284155E+02
   2.000   2.000   2.500    3.2000      1.563556E+02      1.438608E+02
   2.000   2.000   2.600    3.2800      1.863809E+02      1.604516E+02
   2.000   2.000   2.700    3.3600      2.189809E+02      1.778611E+02
   2.000   2.000   2.800    3.4400      2.542599E+02      1.960364E+02
   2.000   2.000   2.900    3.5220      2.923205E+02      2.151172E+02
   2.000   2.000   3.000    3.6040      3.332653E+02      2.349076E+02
   2.000   2.100   2.000    2.8280      4.543896E+01      8.192843E+01
   2.000   2.100   2.100    2.8980      6.606922E+01      9.422240E+01
   2.000   2.100   2.200    2.9720      8.896311E+01      1.072716E+02
   2.000   2.100   2.300    3.0460      1.142361E+02      1.214832E+02
   2.000   2.100   2.400    3.1240      1.420042E+02      1.371048E+02
   2.000   2.100   2.500    3.2000      1.723821E+02      1.536369E+02
   2.000   2.100   2.600    3.2800      2.054846E+02      1.714513E+02
   2.000   2.100   2.700    3.3600      2.414267E+02      1.901792E+02
   2.000   2.100   2.800    3.4400      2.803213E+02      2.097557E+02
   2.000   2.100   2.900    3.5220      3.222831E+02      2.303293E+02
   2.000   2.100   3.000    3.6040      3.674250E+02      2.516817E+02
   2.000   2.200   2.000    2.8280      4.986952E+01      8.799825E+01
   2.000   2.200   2.100    2.8980      7.251137E+01      1.007164E+02
   2.000   2.200   2.200    2.9720      9.763748E+01      1.143988E+02
   2.000   2.200   2.300    3.0460      1.253748E+02      1.294224E+02
   2.000   2.200   2.400    3.1240      1.558504E+02      1.460412E+02
   2.000   2.200   2.500    3.2000      1.891904E+02      1.636924E+02
   2.000   2.200   2.600    3.2800      2.255206E+02      1.827729E+02
   2.000   2.200   2.700    3.3600      2.649671E+02      2.028678E+02
   2.000   2.200   2.800    3.4400      3.076543E+02      2.238991E+02
   2.000   2.200   2.900    3.5220      3.537080E+02      2.460249E+02
   2.000   2.200   3.000    3.6040      4.032518E+02      2.690018E+02
   2.000   2.300   2.000    2.8280      5.450611E+01      9.429504E+01
   2.000   2.300   2.100    2.8980      7.925312E+01      1.074264E+02
   2.000   2.300   2.200    2.9720      1.067154E+02      1.217415E+02
   2.000   2.300   2.300    3.0460      1.370316E+02      1.375877E+02
   2.000   2.300   2.400    3.1240      1.703407E+02      1.552267E+02
   2.000   2.300   2.500    3.2000      2.067802E+02      1.740297E+02
   2.000   2.300   2.600    3.2800      2.464887E+02      1.944182E+02
   2.000   2.300   2.700    3.3600      2.896028E+02      2.159291E+02
   2.000   2.300   2.800    3.4400      3.362581E+02      2.384700E+02
   2.000   2.300   2.900    3.5220      3.865936E+02      2.622078E+02
   2.000   2.300   3.000    3.6040      4.407439E+02      2.868723E+02
   2.000   2.400   2.000    2.8280      5.934880E+01      1.008206E+02
   2.000   2.400   2.100    2.8980      8.629455E+01      1.143550E+02
   2.000   2.400   2.200    2.9720      1.161968E+02      1.293021E+02
   2.000   2.400   2.300    3.0460      1.492064E+02      1.459810E+02
   2.000   2.400   2.400    3.1240      1.854750E+02      1.646630E+02
   2.000   2.400   2.500    3.2000      2.251520E+02      1.846504E+02
   2.000   2.400   2.600    3.2800      2.683884E+02      2.063895E+02
   2.000   2.400   2.700    3.3600      3.153326E+02      2.293660E+02
   2.000   2.400   2.800    3.4400      3.661340E+02      2.534711E+02
   2.000   2.400   2.900    3.5220      4.209417E+02      2.788809E+02
   2.000   2.400   3.000    3.6040      4.799021E+02      3.052975E+02
   2.000   2.500   2.000    2.8280      6.439761E+01      1.075763E+02
   2.000   2.500   2.100    2.8980      9.363552E+01      1.215042E+02
   2.000   2.500   2.200    2.9720      1.260815E+02      1.370826E+02
   2.000   2.500   2.300    3.0460      1.618995E+02      1.546044E+02
   2.000   2.500   2.400    3.1240      2.012534E+02      1.743521E+02
   2.000   2.500   2.500    3.2000      2.443059E+02      1.955564E+02
   2.000   2.500   2.600    3.2800      2.912198E+02      2.186888E+02
   2.000   2.500   2.700    3.3600      3.421577E+02      2.431806E+02
   2.000   2.500   2.800    3.4400      3.972806E+02      2.689052E+02
   2.000   2.500   2.900    3.5220      4.567503E+02      2.960476E+02
   2.000   2.500   3.000    3.6040      5.207276E+02      3.242802E+02
   2.000   2.600   2.000    2.8280      6.965248E+01      1.145635E+02
   2.000   2.600   2.100    2.8980      1.012762E+02      1.288759E+02
   2.000   2.600   2.200    2.9720      1.363698E+02      1.450853E+02
   2.000   2.600   2.300    3.0460      1.751103E+02      1.634597E+02
   2.000   2.600   2.400    3.1240      2.176754E+02      1.842957E+02
   2.000   2.600   2.500    3.2000      2.642409E+02      2.067493E+02
   2.000   2.600   2.600    3.2800      3.149837E+02      2.313179E+02
   2.000   2.600   2.700    3.3600      3.700778E+02      2.573752E+02
   2.000   2.600   2.800    3.4400      4.296990E+02      2.847747E+02
   2.000   2.600   2.900    3.5220      4.940220E+02      3.137110E+02
   2.000   2.600   3.000    3.6040      5.632193E+02      3.438246E+02
   2.000   2.700   2.000    2.8280      7.511338E+01      1.217834E+02
   2.000   2.700   2.100    2.8980      1.092165E+02      1.364719E+02
   2.000   2.700   2.200    2.9720      1.470614E+02      1.533120E+02
   2.000   2.700   2.300    3.0460      1.888394E+02      1.725488E+02
   2.000   2.700   2.400    3.1240      2.347418E+02      1.944954E+02
   2.000   2.700   2.500    3.2000      2.849583E+02      2.182308E+02
   2.000   2.700   2.600    3.2800      3.396787E+02      2.442787E+02
   2.000   2.700   2.700    3.3600      3.990930E+02      2.719510E+02
   2.000   2.700   2.800    3.4400      4.633881E+02      3.010821E+02
   2.000   2.700   2.900    3.5220      5.327539E+02      3.318735E+02
   2.000   2.700   3.000    3.6040      6.073767E+02      3.639330E+02
   2.000   2.800   2.000    2.8280      8.078039E+01      1.292372E+02
   2.000   2.800   2.100    2.8980      1.174565E+02      1.442938E+02
   2.000   2.800   2.200    2.9720      1.581566E+02      1.617646E+02
   2.000   2.800   2.300    3.0460      2.030865E+02      1.818734E+02
   2.000   2.800   2.400    3.1240      2.524521E+02      2.049527E+02
   2.000   2.800   2.500    3.2000      3.064571E+02      2.300021E+02
   2.000   2.800   2.600    3.2800      3.653060E+02      2.575720E+02
   2.000   2.800   2.700    3.3600      4.292028E+02      2.869106E+02
   2.000   2.800   2.800    3.4400      4.983488E+02      3.178291E+02
   2.000   2.800   2.900    3.5220      5.729479E+02      3.505372E+02
   2.000   2.800   3.000    3.6040      6.532009E+02      3.846084E+02
   2.000   2.900   2.000    2.8280      8.665344E+01      1.369258E+02
   2.000   2.900   2.100    2.8980      1.259961E+02      1.523432E+02
   2.000   2.900   2.200    2.9720      1.696553E+02      1.704449E+02
   2.000   2.900   2.300    3.0460      2.178517E+02      1.914350E+02
   2.000   2.900   2.400    3.1240      2.708064E+02      2.156689E+02
   2.000   2.900   2.500    3.2000      3.287379E+02      2.420646E+02
   2.000   2.900   2.600    3.2800      3.918657E+02      2.712000E+02
   2.000   2.900   2.700    3.3600      4.604079E+02      3.022549E+02
   2.000   2.900   2.800    3.4400      5.345809E+02      3.350175E+02
   2.000   2.900   2.900    3.5220      6.146039E+02      3.697049E+02
   2.000   2.900   3.000    3.6040      7.006907E+02      4.058536E+02
   2.000   3.000   2.000    2.8280      9.273260E+01      1.448501E+02
   2.000   3.000   2.100    2.8980      1.348351E+02      1.606217E+02
   2.000   3.000   2.200    2.9720      1.815575E+02      1.793542E+02
   2.000   3.000   2.300    3.0460      2.331346E+02      2.012353E+02
   2.000   3.000   2.400    3.1240      2.898047E+02      2.266454E+02
   2.000   3.000   2.500    3.2000      3.518002E+02      2.544197E+02
   2.000   3.000   2.600    3.2800      4.193568E+02      2.851634E+02
   2.000   3.000   2.700    3.3600      4.927076E+02      3.179863E+02
   2.000   3.000   2.800    3.4400      5.720847E+02      3.526497E+02
   2.000   3.000   2.900    3.5220      6.577203E+02      3.893785E+02
   2.000   3.000   3.000    3.6040      7.498481E+02      4.276706E+02
   2.100   2.000   2.000    2.8980               NaN      6.674843E+01
   2.100   2.000   2.100    2.9680      4.771109E+01      8.381281E+01
   2.100   2.000   2.200    3.0400      6.828867E+01      9.637228E+01
   2.100   2.000   2.300    3.1140      9.101653E+01      1.093406E+02
   2.100   2.000   2.400    3.1880      1.159999E+02      1.232995E+02
   2.100   2.000   2.500    3.2640      1.433437E+02      1.383784E+02
   2.100   2.000   2.600    3.3420      1.731523E+02      1.545374E+02
   2.100   2.000   2.700    3.4200      2.055298E+02      1.715765E+02
   2.100   2.000   2.800    3.4980      2.405802E+02      1.894317E+02
   2.100   2.000   2.900    3.5800      2.784070E+02      2.083999E+02
   2.100   2.000   3.000    3.6600      3.191132E+02      2.279414E+02
   2.100   2.100   2.000    2.8980               NaN      7.199234E+01
   2.100   2.100   2.100    2.9680      5.260149E+01      9.024915E+01
   2.100   2.100   2.200    3.0400      7.528827E+01      1.032722E+02
   2.100   2.100   2.300    3.1140      1.003458E+02      1.168935E+02
   2.100   2.100   2.400    3.1880      1.278899E+02      1.316745E+02
   2.100   2.100   2.500    3.2640      1.580365E+02      1.477383E+02
   2.100   2.100   2.600    3.3420      1.909005E+02      1.650262E+02
   2.100   2.100   2.700    3.4200      2.265967E+02      1.833070E+02
   2.100   2.100   2.800    3.4980      2.652394E+02      2.025001E+02
   2.100   2.100   2.900    3.5800      3.069437E+02      2.229268E+02
   2.100   2.100   3.000    3.6600      3.518226E+02      2.439861E+02
   2.100   2.200   2.000    2.8980               NaN      7.744259E+01
   2.100   2.200   2.100    2.9680      5.773042E+01      9.693356E+01
   2.100   2.200   2.200    3.0400      8.262935E+01      1.104084E+02
   2.100   2.200   2.300    3.1140      1.101301E+02      1.246810E+02
   2.100   2.200   2.400    3.1880      1.403600E+02      1.402939E+02
   2.100   2.200   2.500    3.2640      1.734459E+02      1.573643E+02
   2.100   2.200   2.600    3.3420      2.095142E+02      1.758143E+02
   2.100   2.200   2.700    3.4200      2.486911E+02      1.953781E+02
   2.100   2.200   2.800    3.4980      2.911023E+02      2.159575E+02
   2.100   2.200   2.900    3.5800      3.368728E+02      2.378981E+02
   2.100   2.200   3.000    3.6600      3.861273E+02      2.605350E+02
   2.100   2.300   2.000    2.8980               NaN      8.310074E+01
   2.100   2.300   2.100    2.9680      6.309791E+01      1.038679E+02
   2.100   2.300   2.200    3.0400      9.031178E+01      1.177834E+02
   2.100   2.300   2.300    3.1140      1.203694E+02      1.327058E+02
   2.100   2.300   2.400    3.1880      1.534100E+02      1.491601E+02
   2.100   2.300   2.500    3.2640      1.895721E+02      1.672589E+02
   2.100   2.300   2.600    3.3420      2.289939E+02      1.869038E+02
   2.100   2.300   2.700    3.4200      2.718135E+02      2.077918E+02
   2.100   2.300   2.800    3.4980      3.181674E+02      2.298066E+02
   2.100   2.300   2.900    3.5800      3.681936E+02      2.533172E+02
   2.100   2.300   3.000    3.6600      4.220272E+02      2.775917E+02
   2.100   2.400   2.000    2.8980               NaN      8.896805E+01
   2.100   2.400   2.100    2.9680      6.870396E+01      1.110542E+02
   2.100   2.400   2.200    3.0400      9.833576E+01      1.253997E+02
   2.100   2.400   2.300    3.1140      1.310639E+02      1.409707E+02
   2.100   2.400   2.400    3.1880      1.670399E+02      1.582756E+02
   2.100   2.400   2.500    3.2640      2.064151E+02      1.774244E+02
   2.100   2.400   2.600    3.3420      2.493393E+02      1.982966E+02
   2.100   2.400   2.700    3.4200      2.959630E+02      2.205510E+02
   2.100   2.400   2.800    3.4980      3.464353E+02      2.440497E+02
   2.100   2.400   2.900    3.5800      4.009066E+02      2.691870E+02
   2.100   2.400   3.000    3.6600      4.595230E+02      2.951593E+02
   2.100   2.500   2.000    2.8980               NaN      9.504568E+01
   2.100   2.500   2.100    2.9680      7.454848E+01      1.184937E+02
   2.100   2.500   2.200    3.0400      1.067011E+02      1.332597E+02
   2.100   2.500   2.300    3.1140      1.422135E+02      1.494778E+02
   2.100   2.500   2.400    3.1880      1.812500E+02      1.676429E+02
   2.100   2.500   2.500    3.2640      2.239747E+02      1.878625E+02
   2.100   2.500   2.600    3.3420      2.705506E+02      2.099952E+02
   2.100   2.500   2.700    3.4200      3.211407E+02      2.336575E+02
   2.100   2.500   2.800    3.4980      3.759064E+02      2.586896E+02
   2.100   2.500   2.900    3.5800      4.350114E+02      2.855104E+02
   2.100   2.500   3.000    3.6600      4.986144E+02      3.132416E+02
   2.100   2.600   2.000    2.8980               NaN      1.013347E+02
   2.100   2.600   2.100    2.9680      8.063176E+01      1.261882E+02
   2.100   2.600   2.200    3.0400      1.154078E+02      1.413656E+02
   2.100   2.600   2.300    3.1140      1.538180E+02      1.582297E+02
   2.100   2.600   2.400    3.1880      1.960399E+02      1.772638E+02
   2.100   2.600   2.500    3.2640      2.422509E+02      1.985753E+02
   2.100   2.600   2.600    3.3420      2.926273E+02      2.220007E+02
   2.100   2.600   2.700    3.4200      3.473456E+02      2.471130E+02
   2.100   2.600   2.800    3.4980      4.065808E+02      2.737281E+02
   2.100   2.600   2.900    3.5800      4.705082E+02      3.022898E+02
   2.100   2.600   3.000    3.6600      5.393013E+02      3.318409E+02
   2.100   2.700   2.000    2.8980               NaN      1.078360E+02
   2.100   2.700   2.100    2.9680      8.695344E+01      1.341388E+02
   2.100   2.700   2.200    3.0400      1.244561E+02      1.497192E+02
   2.100   2.700   2.300    3.1140      1.658777E+02      1.672284E+02
   2.100   2.700   2.400    3.1880      2.114098E+02      1.871402E+02
   2.100   2.700   2.500    3.2640      2.612440E+02      2.095648E+02
   2.100   2.700   2.600    3.3420      3.155701E+02      2.343153E+02
   2.100   2.700   2.700    3.4200      3.745781E+02      2.609196E+02
   2.100   2.700   2.800    3.4980      4.384571E+02      2.891674E+02
   2.100   2.700   2.900    3.5800      5.073970E+02      3.195275E+02
   2.100   2.700   3.000    3.6600      5.815842E+02      3.509606E+02
   2.100   2.800   2.000    2.8980               NaN      1.145507E+02
   2.100   2.800   2.100    2.9680      9.351371E+01      1.423470E+02
   2.100   2.800   2.200    3.0400      1.338456E+02      1.583224E+02
   2.100   2.800   2.300    3.1140      1.783924E+02      1.764761E+02
   2.100   2.800   2.400    3.1880      2.273601E+02      1.972744E+02
   2.100   2.800   2.500    3.2640      2.809535E+02      2.208322E+02
   2.100   2.800   2.600    3.3420      3.393786E+02      2.469402E+02
   2.100   2.800   2.700    3.4200      4.028388E+02      2.750787E+02
   2.100   2.800   2.800    3.4980      4.715370E+02      3.050090E+02
   2.100   2.800   2.900    3.5800      5.456776E+02      3.372256E+02
   2.100   2.800   3.000    3.6600      6.254622E+02      3.706030E+02
   2.100   2.900   2.000    2.8980               NaN      1.214792E+02
   2.100   2.900   2.100    2.9680      1.003125E+02      1.508136E+02
   2.100   2.900   2.200    3.0400      1.435770E+02      1.671768E+02
   2.100   2.900   2.300    3.1140      1.913622E+02      1.859743E+02
   2.100   2.900   2.400    3.1880      2.438900E+02      2.076679E+02
   2.100   2.900   2.500    3.2640      3.013799E+02      2.323792E+02
   2.100   2.900   2.600    3.3420      3.640532E+02      2.598771E+02
   2.100   2.900   2.700    3.4200      4.321271E+02      2.895920E+02
   2.100   2.900   2.800    3.4980      5.058198E+02      3.212551E+02
   2.100   2.900   2.900    3.5800      5.853516E+02      3.553864E+02
   2.100   2.900   3.000    3.6600      6.709363E+02      3.907702E+02
   2.100   3.000   2.000    2.8980               NaN      1.286227E+02
   2.100   3.000   2.100    2.9680      1.073500E+02      1.595399E+02
   2.100   3.000   2.200    3.0400      1.536496E+02      1.762839E+02
   2.100   3.000   2.300    3.1140      2.047872E+02      1.957251E+02
   2.100   3.000   2.400    3.1880      2.609999E+02      2.183224E+02
   2.100   3.000   2.500    3.2640      3.225235E+02      2.442076E+02
   2.100   3.000   2.600    3.3420      3.895928E+02      2.731275E+02
   2.100   3.000   2.700    3.4200      4.624423E+02      3.044606E+02
   2.100   3.000   2.800    3.4980      5.413057E+02      3.379071E+02
   2.100   3.000   2.900    3.5800      6.264154E+02      3.740116E+02
   2.100   3.000   3.000    3.6600      7.180055E+02      4.114643E+02
   2.200   2.000   2.000    2.9720               NaN      5.995559E+01
   2.200   2.000   2.100    3.0400               NaN      7.403073E+01
   2.200   2.000   2.200    3.1100      5.485703E+01      9.201942E+01
   2.200   2.000   2.300    3.1820      7.738826E+01      1.051877E+02
   2.200   2.000   2.400    3.2540      1.021672E+02      1.185886E+02
   2.200   2.000   2.500    3.3300      1.292993E+02      1.332176E+02
   2.200   2.000   2.600    3.4040      1.588888E+02      1.487163E+02
   2.200   2.000   2.700    3.4820      1.910411E+02      1.654442E+02
   2.200   2.000   2.800    3.5600      2.258597E+02      1.830684E+02
   2.200   2.000   2.900    3.6400      2.634488E+02      2.016950E+02
   2.200   2.000   3.000    3.7200      3.039122E+02      2.211196E+02
   2.200   2.100   2.000    2.9720               NaN      6.471230E+01
   2.200   2.100   2.100    3.0400               NaN      7.984397E+01
   2.200   2.100   2.200    3.1100      6.047984E+01      9.908700E+01
   2.200   2.100   2.300    3.1820      8.532062E+01      1.127370E+02
   2.200   2.100   2.400    3.2540      1.126393E+02      1.267970E+02
   2.200   2.100   2.500    3.3300      1.425524E+02      1.422811E+02
   2.200   2.100   2.600    3.4040      1.751749E+02      1.587740E+02
   2.200   2.100   2.700    3.4820      2.106229E+02      1.766584E+02
   2.200   2.100   2.800    3.5600      2.490104E+02      1.955552E+02
   2.200   2.100   2.900    3.6400      2.904527E+02      2.155724E+02
   2.200   2.100   3.000    3.7200      3.350630E+02      2.364776E+02
   2.200   2.200   2.000    2.9720               NaN      6.965826E+01
   2.200   2.200   2.100    3.0400               NaN      8.588599E+01
   2.200   2.200   2.200    3.1100      6.637695E+01      1.064268E+02
   2.200   2.200   2.300    3.1820      9.363988E+01      1.205462E+02
   2.200   2.200   2.400    3.2540      1.236224E+02      1.352621E+02
   2.200   2.200   2.500    3.3300      1.564521E+02      1.516109E+02
   2.200   2.200   2.600    3.4040      1.922555E+02      1.691185E+02
   2.200   2.200   2.700    3.4820      2.311599E+02      1.881914E+02
   2.200   2.200   2.800    3.5600      2.732905E+02      2.084023E+02
   2.200   2.200   2.900    3.6400      3.187731E+02      2.298595E+02
   2.200   2.200   3.000    3.7200      3.677338E+02      2.523005E+02
   2.200   2.300   2.000    2.9720               NaN      7.479465E+01
   2.200   2.300   2.100    3.0400               NaN      9.215838E+01
   2.200   2.300   2.200    3.1100      7.254839E+01      1.140413E+02
   2.200   2.300   2.300    3.1820      1.023460E+02      1.286177E+02
   2.200   2.300   2.400    3.2540      1.351161E+02      1.439870E+02
   2.200   2.300   2.500    3.3300      1.709982E+02      1.612097E+02
   2.200   2.300   2.600    3.4040      2.101307E+02      1.797521E+02
   2.200   2.300   2.700    3.4820      2.526521E+02      2.000459E+02
   2.200   2.300   2.800    3.5600      2.986992E+02      2.216120E+02
   2.200   2.300   2.900    3.6400      3.484116E+02      2.445591E+02
   2.200   2.300   3.000    3.7200      4.019237E+02      2.685923E+02
   2.200   2.400   2.000    2.9720               NaN      8.012267E+01
   2.200   2.400   2.100    3.0400               NaN      9.866248E+01
   2.200   2.400   2.200    3.1100      7.899413E+01      1.219321E+02
   2.200   2.400   2.300    3.1820      1.114392E+02      1.369549E+02
   2.200   2.400   2.400    3.2540      1.471208E+02      1.529747E+02
   2.200   2.400   2.500    3.3300      1.861910E+02      1.710800E+02
   2.200   2.400   2.600    3.4040      2.288001E+02      1.906774E+02
   2.200   2.400   2.700    3.4820      2.750992E+02      2.122239E+02
   2.200   2.400   2.800    3.5600      3.252381E+02      2.351873E+02
   2.200   2.400   2.900    3.6400      3.793661E+02      2.596744E+02
   2.200   2.400   3.000    3.7200      4.376339E+02      2.853561E+02
   2.200   2.500   2.000    2.9720               NaN      8.564336E+01
   2.200   2.500   2.100    3.0400               NaN      1.053996E+02
   2.200   2.500   2.200    3.1100      8.571409E+01      1.301014E+02
   2.200   2.500   2.300    3.1820      1.209193E+02      1.455599E+02
   2.200   2.500   2.400    3.2540      1.596363E+02      1.622277E+02
   2.200   2.500   2.500    3.3300      2.020301E+02      1.812249E+02
   2.200   2.500   2.600    3.4040      2.482637E+02      2.018965E+02
   2.200   2.500   2.700    3.4820      2.985017E+02      2.247281E+02
   2.200   2.500   2.800    3.5600      3.529061E+02      2.491297E+02
   2.200   2.500   2.900    3.6400      4.116388E+02      2.752073E+02
   2.200   2.500   3.000    3.7200      4.748625E+02      3.025941E+02
   2.200   2.600   2.000    2.9720               NaN      9.135751E+01
   2.200   2.600   2.100    3.0400               NaN      1.123710E+02
   2.200   2.600   2.200    3.1100      9.270838E+01      1.385504E+02
   2.200   2.600   2.300    3.1820      1.307863E+02      1.544352E+02
   2.200   2.600   2.400    3.2540      1.726627E+02      1.717484E+02
   2.200   2.600   2.500    3.3300      2.185157E+02      1.916462E+02
   2.200   2.600   2.600    3.4040      2.685222E+02      2.134114E+02
   2.200   2.600   2.700    3.4820      3.228596E+02      2.375602E+02
   2.200   2.600   2.800    3.5600      3.817027E+02      2.634420E+02
   2.200   2.600   2.900    3.6400      4.452284E+02      2.911606E+02
   2.200   2.600   3.000    3.7200      5.136118E+02      3.203098E+02
   2.200   2.700   2.000    2.9720               NaN      9.726606E+01
   2.200   2.700   2.100    3.0400               NaN      1.195777E+02
   2.200   2.700   2.200    3.1100      9.997695E+01      1.472810E+02
   2.200   2.700   2.300    3.1820      1.410402E+02      1.635829E+02
   2.200   2.700   2.400    3.2540      1.861999E+02      1.815397E+02
   2.200   2.700   2.500    3.3300      2.356480E+02      2.023467E+02
   2.200   2.700   2.600    3.4040      2.895749E+02      2.252249E+02
   2.200   2.700   2.700    3.4820      3.481727E+02      2.507219E+02
   2.200   2.700   2.800    3.5600      4.116298E+02      2.781254E+02
   2.200   2.700   2.900    3.6400      4.801355E+02      3.075359E+02
   2.200   2.700   3.000    3.7200      5.538803E+02      3.385049E+02
   2.200   2.800   2.000    2.9720               NaN      1.033696E+02
   2.200   2.800   2.100    3.0400               NaN      1.270207E+02
   2.200   2.800   2.200    3.1100      1.075198E+02      1.562941E+02
   2.200   2.800   2.300    3.1820      1.516812E+02      1.730050E+02
   2.200   2.800   2.400    3.2540      2.002479E+02      1.916032E+02
   2.200   2.800   2.500    3.3300      2.534266E+02      2.133275E+02
   2.200   2.800   2.600    3.4040      3.114221E+02      2.373376E+02
   2.200   2.800   2.700    3.4820      3.744408E+02      2.642151E+02
   2.200   2.800   2.800    3.5600      4.426852E+02      2.931824E+02
   2.200   2.800   2.900    3.6400      5.163598E+02      3.243353E+02
   2.200   2.800   3.000    3.7200      5.956674E+02      3.571821E+02
   2.200   2.900   2.000    2.9720               NaN      1.096692E+02
   2.200   2.900   2.100    3.0400               NaN      1.347008E+02
   2.200   2.900   2.200    3.1100      1.153369E+02      1.655913E+02
   2.200   2.900   2.300    3.1820      1.627090E+02      1.827032E+02
   2.200   2.900   2.400    3.2540      2.148067E+02      2.019410E+02
   2.200   2.900   2.500    3.3300      2.718519E+02      2.245916E+02
   2.200   2.900   2.600    3.4040      3.340639E+02      2.497525E+02
   2.200   2.900   2.700    3.4820      4.016641E+02      2.780415E+02
   2.200   2.900   2.800    3.5600      4.748703E+02      3.086139E+02
   2.200   2.900   2.900    3.6400      5.539019E+02      3.415608E+02
   2.200   2.900   3.000    3.7200      6.389751E+02      3.763429E+02
   2.200   3.000   2.000    2.9720               NaN      1.161651E+02
   2.200   3.000   2.100    3.0400               NaN      1.426190E+02
   2.200   3.000   2.200    3.1100      1.234282E+02      1.751735E+02
   2.200   3.000   2.300    3.1820      1.741238E+02      1.926793E+02
   2.200   3.000   2.400    3.2540      2.298764E+02      2.125554E+02
   2.200   3.000   2.500    3.3300      2.909233E+02      2.361403E+02
   2.200   3.000   2.600    3.4040      3.575002E+02      2.624705E+02
   2.200   3.000   2.700    3.4820      4.298425E+02      2.922024E+02
   2.200   3.000   2.800    3.5600      5.081841E+02      3.244218E+02
   2.200   3.000   2.900    3.6400      5.927598E+02      3.592138E+02
   2.200   3.000   3.000    3.7200      6.838024E+02      3.959898E+02
   2.300   2.000   2.000    3.0460               NaN      5.429141E+01
   2.300   2.000   2.100    3.1140               NaN      6.677432E+01
   2.300   2.000   2.200    3.1820               NaN      8.170235E+01
   2.300   2.000   2.300    3.2520      6.268300E+01      1.006094E+02
   2.300   2.000   2.400    3.3240      8.725673E+01      1.143888E+02
   2.300   2.000   2.500    3.3960      1.141754E+02      1.283403E+02
   2.300   2.000   2.600    3.4700      1.435444E+02      1.433862E+02
   2.300   2.000   2.700    3.5460      1.754689E+02      1.595746E+02
   2.300   2.000   2.800    3.6220      2.100530E+02      1.767233E+02
   2.300   2.000   2.900    3.7000      2.474014E+02      1.949285E+02
   2.300   2.000   3.000    3.7800      2.876178E+02      2.141566E+02
   2.300   2.100   2.000    3.0460               NaN      5.862436E+01
   2.300   2.100   2.100    3.1140               NaN      7.206867E+01
   2.300   2.100   2.200    3.1820               NaN      8.811545E+01
   2.300   2.100   2.300    3.2520      6.910806E+01      1.083375E+02
   2.300   2.100   2.400    3.3240      9.620044E+01      1.226169E+02
   2.300   2.100   2.500    3.3960      1.258783E+02      1.372457E+02
   2.300   2.100   2.600    3.4700      1.582576E+02      1.531533E+02
   2.300   2.100   2.700    3.5460      1.934546E+02      1.703730E+02
   2.300   2.100   2.800    3.6220      2.315836E+02      1.886894E+02
   2.300   2.100   2.900    3.7000      2.727600E+02      2.081976E+02
   2.300   2.100   3.000    3.7800      3.170985E+02      2.288505E+02
   2.300   2.200   2.000    3.0460               NaN      6.313085E+01
   2.300   2.200   2.100    3.1140               NaN      7.757350E+01
   2.300   2.200   2.200    3.1820               NaN      9.478077E+01
   2.300   2.200   2.300    3.2520      7.584652E+01      1.163635E+02
   2.300   2.200   2.400    3.3240      1.055807E+02      1.311295E+02
   2.300   2.200   2.500    3.3960      1.381522E+02      1.464318E+02
   2.300   2.200   2.600    3.4700      1.736886E+02      1.632091E+02
   2.300   2.200   2.700    3.5460      2.123173E+02      1.814802E+02
   2.300   2.200   2.800    3.6220      2.541640E+02      2.009952E+02
   2.300   2.200   2.900    3.7000      2.993556E+02      2.218474E+02
   2.300   2.200   3.000    3.7800      3.480174E+02      2.439751E+02
   2.300   2.300   2.000    3.0460               NaN      6.781193E+01
   2.300   2.300   2.100    3.1140               NaN      8.329016E+01
   2.300   2.300   2.200    3.1820               NaN      1.017000E+02
   2.300   2.300   2.300    3.2520      8.289828E+01      1.246897E+02
   2.300   2.300   2.400    3.3240      1.153970E+02      1.399296E+02
   2.300   2.300   2.500    3.3960      1.509969E+02      1.559018E+02
   2.300   2.300   2.600    3.4700      1.898375E+02      1.735566E+02
   2.300   2.300   2.700    3.5460      2.320576E+02      1.928990E+02
   2.300   2.300   2.800    3.6220      2.777949E+02      2.136439E+02
   2.300   2.300   2.900    3.7000      3.271882E+02      2.358810E+02
   2.300   2.300   3.000    3.7800      3.803746E+02      2.595334E+02
   2.300   2.400   2.000    3.0460               NaN      7.266859E+01
   2.300   2.400   2.100    3.1140               NaN      8.922006E+01
   2.300   2.400   2.200    3.1820               NaN      1.088749E+02
   2.300   2.400   2.300    3.2520      9.026357E+01      1.333184E+02
   2.300   2.400   2.400    3.3240      1.256496E+02      1.490205E+02
   2.300   2.400   2.500    3.3960      1.644127E+02      1.656590E+02
   2.300   2.400   2.600    3.4700      2.067040E+02      1.841987E+02
   2.300   2.400   2.700    3.5460      2.526751E+02      2.046322E+02
   2.300   2.400   2.800    3.6220      3.024764E+02      2.266375E+02
   2.300   2.400   2.900    3.7000      3.562581E+02      2.503009E+02
   2.300   2.400   3.000    3.7800      4.141695E+02      2.755282E+02
   2.300   2.500   2.000    3.0460               NaN      7.770189E+01
   2.300   2.500   2.100    3.1140               NaN      9.536404E+01
   2.300   2.500   2.200    3.1820               NaN      1.163068E+02
   2.300   2.500   2.300    3.2520      9.794228E+01      1.422512E+02
   2.300   2.500   2.400    3.3240      1.363386E+02      1.584047E+02
   2.300   2.500   2.500    3.3960      1.783992E+02      1.757063E+02
   2.300   2.500   2.600    3.4700      2.242882E+02      1.951382E+02
   2.300   2.500   2.700    3.5460      2.741700E+02      2.166823E+02
   2.300   2.500   2.800    3.6220      3.282079E+02      2.399783E+02
   2.300   2.500   2.900    3.7000      3.865648E+02      2.651095E+02
   2.300   2.500   3.000    3.7800      4.494027E+02      2.919622E+02
   2.300   2.600   2.000    3.0460               NaN      8.291248E+01
   2.300   2.600   2.100    3.1140               NaN      1.017234E+02
   2.300   2.600   2.200    3.1820               NaN      1.239969E+02
   2.300   2.600   2.300    3.2520      1.059343E+02      1.514902E+02
   2.300   2.600   2.400    3.3240      1.474638E+02      1.680848E+02
   2.300   2.600   2.500    3.3960      1.929565E+02      1.860462E+02
   2.300   2.600   2.600    3.4700      2.425901E+02      2.063778E+02
   2.300   2.600   2.700    3.5460      2.965421E+02      2.290514E+02
   2.300   2.600   2.800    3.6220      3.549894E+02      2.536688E+02
   2.300   2.600   2.900    3.7000      4.181082E+02      2.803085E+02
   2.300   2.600   3.000    3.7800      4.860739E+02      3.088377E+02
   2.300   2.700   2.000    3.0460               NaN      8.830106E+01
   2.300   2.700   2.100    3.1140               NaN      1.082989E+02
   2.300   2.700   2.200    3.1820               NaN      1.319466E+02
   2.300   2.700   2.300    3.2520      1.142399E+02      1.610370E+02
   2.300   2.700   2.400    3.3240      1.590254E+02      1.780632E+02
   2.300   2.700   2.500    3.3960      2.080848E+02      1.966818E+02
   2.300   2.700   2.600    3.4700      2.616098E+02      2.179201E+02
   2.300   2.700   2.700    3.5460      3.197922E+02      2.417420E+02
   2.300   2.700   2.800    3.6220      3.828219E+02      2.677112E+02
   2.300   2.700   2.900    3.7000      4.508890E+02      2.959010E+02
   2.300   2.700   3.000    3.7800      5.241832E+02      3.261564E+02
   2.300   2.800   2.000    3.0460               NaN      9.386841E+01
   2.300   2.800   2.100    3.1140               NaN      1.150914E+02
   2.300   2.800   2.200    3.1820               NaN      1.401569E+02
   2.300   2.800   2.300    3.2520      1.228587E+02      1.708928E+02
   2.300   2.800   2.400    3.3240      1.710231E+02      1.883417E+02
   2.300   2.800   2.500    3.3960      2.237836E+02      2.076150E+02
   2.300   2.800   2.600    3.4700      2.813470E+02      2.297669E+02
   2.300   2.800   2.700    3.5460      3.439190E+02      2.547563E+02
   2.300   2.800   2.800    3.6220      4.117040E+02      2.821069E+02
   2.300   2.800   2.900    3.7000      4.849065E+02      3.118881E+02
   2.300   2.800   3.000    3.7800      5.637310E+02      3.439220E+02
   2.300   2.900   2.000    3.0460               NaN      9.961514E+01
   2.300   2.900   2.100    3.1140               NaN      1.221018E+02
   2.300   2.900   2.200    3.1820               NaN      1.486287E+02
   2.300   2.900   2.300    3.2520      1.317911E+02      1.810594E+02
   2.300   2.900   2.400    3.3240      1.834572E+02      1.989225E+02
   2.300   2.900   2.500    3.3960      2.400538E+02      2.188482E+02
   2.300   2.900   2.600    3.4700      3.018022E+02      2.419210E+02
   2.300   2.900   2.700    3.5460      3.689235E+02      2.680960E+02
   2.300   2.900   2.800    3.6220      4.416364E+02      2.968580E+02
   2.300   2.900   2.900    3.7000      5.201616E+02      3.282719E+02
   2.300   2.900   3.000    3.7800      6.047169E+02      3.621347E+02
   2.300   3.000   2.000    3.0460               NaN      1.055417E+02
   2.300   3.000   2.100    3.1140               NaN      1.293307E+02
   2.300   3.000   2.200    3.1820               NaN      1.573629E+02
   2.300   3.000   2.300    3.2520      1.410368E+02      1.915373E+02
   2.300   3.000   2.400    3.3240      1.963276E+02      2.098074E+02
   2.300   3.000   2.500    3.3960      2.568947E+02      2.303835E+02
   2.300   3.000   2.600    3.4700      3.229751E+02      2.543839E+02
   2.300   3.000   2.700    3.5460      3.948052E+02      2.817630E+02
   2.300   3.000   2.800    3.6220      4.726194E+02      3.119661E+02
   2.300   3.000   2.900    3.7000      5.566530E+02      3.450537E+02
   2.300   3.000   3.000    3.7800      6.471410E+02      3.807964E+02
   2.400   2.000   2.000    3.1240               NaN      4.959731E+01
   2.400   2.000   2.100    3.1880               NaN      6.072709E+01
   2.400   2.000   2.200    3.2540               NaN      7.387807E+01
   2.400   2.000   2.300    3.3240               NaN      8.972576E+01
   2.400   2.000   2.400    3.3940      7.122007E+01      1.095826E+02
   2.400   2.000   2.500    3.4640      9.792467E+01      1.238527E+02
   2.400   2.000   2.600    3.5380      1.270717E+02      1.384785E+02
   2.400   2.000   2.700    3.6120      1.587667E+02      1.540721E+02
   2.400   2.000   2.800    3.6860      1.931139E+02      1.706680E+02
   2.400   2.000   2.900    3.7640      2.302191E+02      1.885351E+02
   2.400   2.000   3.000    3.8400      2.701857E+02      2.071582E+02
   2.400   2.100   2.000    3.1240               NaN      5.357440E+01
   2.400   2.100   2.100    3.1880               NaN      6.557114E+01
   2.400   2.100   2.200    3.2540               NaN      7.972997E+01
   2.400   2.100   2.300    3.3240               NaN      9.676514E+01
   2.400   2.100   2.400    3.3940      7.852016E+01      1.180009E+02
   2.400   2.100   2.500    3.4640      1.079618E+02      1.327764E+02
   2.400   2.100   2.600    3.5380      1.400965E+02      1.481104E+02
   2.400   2.100   2.700    3.6120      1.750401E+02      1.645859E+02
   2.400   2.100   2.800    3.6860      2.129082E+02      1.822202E+02
   2.400   2.100   2.900    3.7640      2.538165E+02      2.012969E+02
   2.400   2.100   3.000    3.8400      2.978795E+02      2.212355E+02
   2.400   2.200   2.000    3.1240               NaN      5.771158E+01
   2.400   2.200   2.100    3.1880               NaN      7.060913E+01
   2.400   2.200   2.200    3.2540               NaN      8.581434E+01
   2.400   2.200   2.300    3.3240               NaN      1.040813E+02
   2.400   2.200   2.400    3.3940      8.617629E+01      1.267436E+02
   2.400   2.200   2.500    3.4640      1.184888E+02      1.420100E+02
   2.400   2.200   2.600    3.5380      1.537568E+02      1.580481E+02
   2.400   2.200   2.700    3.6120      1.921076E+02      1.754122E+02
   2.400   2.200   2.800    3.6860      2.336679E+02      1.941040E+02
   2.400   2.200   2.900    3.7640      2.785652E+02      2.144207E+02
   2.400   2.200   3.000    3.8400      3.269247E+02      2.357155E+02
   2.400   2.300   2.000    3.1240               NaN      6.200990E+01
   2.400   2.300   2.100    3.1880               NaN      7.584225E+01
   2.400   2.300   2.200    3.2540               NaN      9.213270E+01
   2.400   2.300   2.300    3.3240               NaN      1.116762E+02
   2.400   2.300   2.400    3.3940      9.418852E+01      1.358134E+02
   2.400   2.300   2.500    3.4640      1.295052E+02      1.515569E+02
   2.400   2.300   2.600    3.5380      1.680524E+02      1.682949E+02
   2.400   2.300   2.700    3.6120      2.099688E+02      1.865549E+02
   2.400   2.300   2.800    3.6860      2.553933E+02      2.063221E+02
   2.400   2.300   2.900    3.7640      3.044647E+02      2.279104E+02
   2.400   2.300   3.000    3.8400      3.573202E+02      2.506007E+02
   2.400   2.400   2.000    3.1240               NaN      6.647021E+01
   2.400   2.400   2.100    3.1880               NaN      8.127152E+01
   2.400   2.400   2.200    3.2540               NaN      9.868636E+01
   2.400   2.400   2.300    3.3240               NaN      1.195514E+02
   2.400   2.400   2.400    3.3940      1.025570E+02      1.452128E+02
   2.400   2.400   2.500    3.4640      1.410114E+02      1.614200E+02
   2.400   2.400   2.600    3.5380      1.829832E+02      1.788548E+02
   2.400   2.400   2.700    3.6120      2.286238E+02      1.980168E+02
   2.400   2.400   2.800    3.6860      2.780844E+02      2.188778E+02
   2.400   2.400   2.900    3.7640      3.315154E+02      2.417683E+02
   2.400   2.400   3.000    3.8400      3.890670E+02      2.658944E+02
   2.400   2.500   2.000    3.1240               NaN      7.109332E+01
   2.400   2.500   2.100    3.1880               NaN      8.689812E+01
   2.400   2.500   2.200    3.2540               NaN      1.054766E+02
   2.400   2.500   2.300    3.3240               NaN      1.277086E+02
   2.400   2.500   2.400    3.3940      1.112814E+02      1.549433E+02
   2.400   2.500   2.500    3.4640      1.530071E+02      1.716024E+02
   2.400   2.500   2.600    3.5380      1.985496E+02      1.897303E+02
   2.400   2.500   2.700    3.6120      2.480726E+02      2.098012E+02
   2.400   2.500   2.800    3.6860      3.017410E+02      2.317737E+02
   2.400   2.500   2.900    3.7640      3.597174E+02      2.559967E+02
   2.400   2.500   3.000    3.8400      4.221648E+02      2.815988E+02
   2.400   2.600   2.000    3.1240               NaN      7.587994E+01
   2.400   2.600   2.100    3.1880               NaN      9.272279E+01
   2.400   2.600   2.200    3.2540               NaN      1.125044E+02
   2.400   2.600   2.300    3.3240               NaN      1.361491E+02
   2.400   2.600   2.400    3.3940      1.203619E+02      1.650076E+02
   2.400   2.600   2.500    3.4640      1.654925E+02      1.821070E+02
   2.400   2.600   2.600    3.5380      2.147511E+02      2.009248E+02
   2.400   2.600   2.700    3.6120      2.683156E+02      2.219109E+02
   2.400   2.600   2.800    3.6860      3.263628E+02      2.450123E+02
   2.400   2.600   2.900    3.7640      3.890702E+02      2.705988E+02
   2.400   2.600   3.000    3.8400      4.566130E+02      2.977162E+02
   2.400   2.700   2.000    3.1240               NaN      8.083081E+01
   2.400   2.700   2.100    3.1880               NaN      9.874641E+01
   2.400   2.700   2.200    3.2540               NaN      1.197712E+02
   2.400   2.700   2.300    3.3240               NaN      1.448744E+02
   2.400   2.700   2.400    3.3940      1.297985E+02      1.754071E+02
   2.400   2.700   2.500    3.4640      1.784674E+02      1.929362E+02
   2.400   2.700   2.600    3.5380      2.315883E+02      2.124411E+02
   2.400   2.700   2.700    3.6120      2.893522E+02      2.343485E+02
   2.400   2.700   2.800    3.6860      3.519503E+02      2.585967E+02
   2.400   2.700   2.900    3.7640      4.195745E+02      2.855762E+02
   2.400   2.700   3.000    3.8400      4.924130E+02      3.142491E+02
   2.400   2.800   2.000    3.1240               NaN      8.594637E+01
   2.400   2.800   2.100    3.1880               NaN      1.049697E+02
   2.400   2.800   2.200    3.2540               NaN      1.272776E+02
   2.400   2.800   2.300    3.3240               NaN      1.538856E+02
   2.400   2.800   2.400    3.3940      1.395913E+02      1.861434E+02
   2.400   2.800   2.500    3.4640      1.919323E+02      2.040922E+02
   2.400   2.800   2.600    3.5380      2.490607E+02      2.242817E+02
   2.400   2.800   2.700    3.6120      3.111821E+02      2.471172E+02
   2.400   2.800   2.800    3.6860      3.785036E+02      2.725281E+02
   2.400   2.800   2.900    3.7640      4.512296E+02      3.009309E+02
   2.400   2.800   3.000    3.8400      5.295634E+02      3.311998E+02
   2.400   2.900   2.000    3.1240               NaN      9.122730E+01
   2.400   2.900   2.100    3.1880               NaN      1.113935E+02
   2.400   2.900   2.200    3.2540               NaN      1.350245E+02
   2.400   2.900   2.300    3.3240               NaN      1.631839E+02
   2.400   2.900   2.400    3.3940      1.497401E+02      1.972179E+02
   2.400   2.900   2.500    3.4640      2.058864E+02      2.155773E+02
   2.400   2.900   2.600    3.5380      2.671682E+02      2.364491E+02
   2.400   2.900   2.700    3.6120      3.338067E+02      2.602184E+02
   2.400   2.900   2.800    3.6860      4.060222E+02      2.868100E+02
   2.400   2.900   2.900    3.7640      4.840357E+02      3.166654E+02
   2.400   2.900   3.000    3.8400      5.680652E+02      3.485694E+02
   2.400   3.000   2.000    3.1240               NaN      9.667408E+01
   2.400   3.000   2.100    3.1880               NaN      1.180183E+02
   2.400   3.000   2.200    3.2540               NaN      1.430128E+02
   2.400   3.000   2.300    3.3240               NaN      1.727700E+02
   2.400   3.000   2.400    3.3940      1.602452E+02      2.086320E+02
   2.400   3.000   2.500    3.4640      2.203303E+02      2.273932E+02
   2.400   3.000   2.600    3.5380      2.859112E+02      2.489454E+02
   2.400   3.000   2.700    3.6120      3.572248E+02      2.736550E+02
   2.400   3.000   2.800    3.6860      4.345064E+02      3.014435E+02
   2.400   3.000   2.900    3.7640      5.179932E+02      3.327817E+02
   2.400   3.000   3.000    3.8400      6.079172E+02      3.663606E+02
   2.500   2.000   2.000    3.2000               NaN      4.541904E+01
   2.500   2.000   2.100    3.2640               NaN      5.557898E+01
   2.500   2.000   2.200    3.3300               NaN      6.751350E+01
   2.500   2.000   2.300    3.3960               NaN      8.148203E+01
   2.500   2.000   2.400    3.4640               NaN      9.802975E+01
   2.500   2.000   2.500    3.5340      8.049892E+01      1.188207E+02
   2.500   2.000   2.600    3.6060      1.094231E+02      1.338195E+02
   2.500   2.000   2.700    3.6780      1.408872E+02      1.488671E+02
   2.500   2.000   2.800    3.7520      1.749964E+02      1.649995E+02
   2.500   2.000   2.900    3.8280      2.118558E+02      1.822921E+02
   2.500   2.000   3.000    3.9040      2.515698E+02      2.005653E+02
   2.500   2.100   2.000    3.2000               NaN      4.907136E+01
   2.500   2.100   2.100    3.2640               NaN      6.003151E+01
   2.500   2.100   2.200    3.3300               NaN      7.289564E+01
   2.500   2.100   2.300    3.3960               NaN      8.793335E+01
   2.500   2.100   2.400    3.4640               NaN      1.057146E+02
   2.500   2.100   2.500    3.5340      8.875007E+01      1.279465E+02
   2.500   2.100   2.600    3.6060      1.206389E+02      1.434807E+02
   2.500   2.100   2.700    3.6780      1.553281E+02      1.592411E+02
   2.500   2.100   2.800    3.7520      1.929336E+02      1.762740E+02
   2.500   2.100   2.900    3.8280      2.335709E+02      1.946419E+02
   2.500   2.100   3.000    3.9040      2.773558E+02      2.141340E+02
   2.500   2.200   2.000    3.2000               NaN      5.287124E+01
   2.500   2.200   2.100    3.2640               NaN      6.466312E+01
   2.500   2.200   2.200    3.3300               NaN      7.849316E+01
   2.500   2.200   2.300    3.3960               NaN      9.464111E+01
   2.500   2.200   2.400    3.4640               NaN      1.137015E+02
   2.500   2.200   2.500    3.5340      9.740364E+01      1.374239E+02
   2.500   2.200   2.600    3.6060      1.324020E+02      1.534787E+02
   2.500   2.200   2.700    3.6780      1.704735E+02      1.699461E+02
   2.500   2.200   2.800    3.7520      2.117456E+02      1.878858E+02
   2.500   2.200   2.900    3.8280      2.563456E+02      2.073477E+02
   2.500   2.200   3.000    3.9040      3.043997E+02      2.280879E+02
   2.500   2.300   2.000    3.2000               NaN      5.681951E+01
   2.500   2.300   2.100    3.2640               NaN      6.947493E+01
   2.500   2.300   2.200    3.3300               NaN      8.430727E+01
   2.500   2.300   2.300    3.3960               NaN      1.016065E+02
   2.500   2.300   2.400    3.4640               NaN      1.219923E+02
   2.500   2.300   2.500    3.5340      1.064598E+02      1.472558E+02
   2.500   2.300   2.600    3.6060      1.447121E+02      1.638169E+02
   2.500   2.300   2.700    3.6780      1.863233E+02      1.809865E+02
   2.500   2.300   2.800    3.7520      2.314325E+02      1.998386E+02
   2.500   2.300   2.900    3.8280      2.801792E+02      2.204130E+02
   2.500   2.300   3.000    3.9040      3.327013E+02      2.424304E+02
   2.500   2.400   2.000    3.2000               NaN      6.091706E+01
   2.500   2.400   2.100    3.2640               NaN      7.446796E+01
   2.500   2.400   2.200    3.3300               NaN      9.033929E+01
   2.500   2.400   2.300    3.3960               NaN      1.088312E+02
   2.500   2.400   2.400    3.4640               NaN      1.305890E+02
   2.500   2.400   2.500    3.5340      1.159184E+02      1.574447E+02
   2.500   2.400   2.600    3.6060      1.575692E+02      1.744993E+02
   2.500   2.400   2.700    3.6780      2.028774E+02      1.923655E+02
   2.500   2.400   2.800    3.7520      2.519948E+02      2.121362E+02
   2.500   2.400   2.900    3.8280      3.050728E+02      2.338403E+02
   2.500   2.400   3.000    3.9040      3.622606E+02      2.571649E+02
   2.500   2.500   2.000    3.2000               NaN      6.516457E+01
   2.500   2.500   2.100    3.2640               NaN      7.964299E+01
   2.500   2.500   2.200    3.3300               NaN      9.659034E+01
   2.500   2.500   2.300    3.3960               NaN      1.163168E+02
   2.500   2.500   2.400    3.4640               NaN      1.394933E+02
   2.500   2.500   2.500    3.5340      1.257796E+02      1.679930E+02
   2.500   2.500   2.600    3.6060      1.709738E+02      1.855286E+02
   2.500   2.500   2.700    3.6780      2.201363E+02      2.040869E+02
   2.500   2.500   2.800    3.7520      2.734315E+02      2.247814E+02
   2.500   2.500   2.900    3.8280      3.310247E+02      2.476337E+02
   2.500   2.500   3.000    3.9040      3.930783E+02      2.722937E+02
   2.500   2.600   2.000    3.2000               NaN      6.956261E+01
   2.500   2.600   2.100    3.2640               NaN      8.500103E+01
   2.500   2.600   2.200    3.3300               NaN      1.030614E+02
   2.500   2.600   2.300    3.3960               NaN      1.240642E+02
   2.500   2.600   2.400    3.4640               NaN      1.487068E+02
   2.500   2.600   2.500    3.5340      1.360432E+02      1.789026E+02
   2.500   2.600   2.600    3.6060      1.849250E+02      1.969081E+02
   2.500   2.600   2.700    3.6780      2.380993E+02      2.161541E+02
   2.500   2.600   2.800    3.7520      2.957438E+02      2.377778E+02
   2.500   2.600   2.900    3.8280      3.580362E+02      2.617953E+02
   2.500   2.600   3.000    3.9040      4.251533E+02      2.878199E+02
   2.500   2.700   2.000    3.2000               NaN      7.411196E+01
   2.500   2.700   2.100    3.2640               NaN      9.054260E+01
   2.500   2.700   2.200    3.3300               NaN      1.097533E+02
   2.500   2.700   2.300    3.3960               NaN      1.320748E+02
   2.500   2.700   2.400    3.4640               NaN      1.582309E+02
   2.500   2.700   2.500    3.5340      1.467095E+02      1.901755E+02
   2.500   2.700   2.600    3.6060      1.994236E+02      2.086402E+02
   2.500   2.700   2.700    3.6780      2.567668E+02      2.285697E+02
   2.500   2.700   2.800    3.7520      3.189310E+02      2.511285E+02
   2.500   2.700   2.900    3.8280      3.861074E+02      2.763277E+02
   2.500   2.700   3.000    3.9040      4.584859E+02      3.037457E+02
   2.500   2.800   2.000    3.2000               NaN      7.881306E+01
   2.500   2.800   2.100    3.2640               NaN      9.626862E+01
   2.500   2.800   2.200    3.3300               NaN      1.166670E+02
   2.500   2.800   2.300    3.3960               NaN      1.403494E+02
   2.500   2.800   2.400    3.4640               NaN      1.680669E+02
   2.500   2.800   2.500    3.5340      1.577779E+02      2.018135E+02
   2.500   2.800   2.600    3.6060      2.144694E+02      2.207273E+02
   2.500   2.800   2.700    3.6780      2.761389E+02      2.413366E+02
   2.500   2.800   2.800    3.7520      3.429930E+02      2.648357E+02
   2.500   2.800   2.900    3.8280      4.152377E+02      2.912343E+02
   2.500   2.800   3.000    3.9040      4.930773E+02      3.200734E+02
   2.500   2.900   2.000    3.2000               NaN      8.366640E+01
   2.500   2.900   2.100    3.2640               NaN      1.021795E+02
   2.500   2.900   2.200    3.3300               NaN      1.238033E+02
   2.500   2.900   2.300    3.3960               NaN      1.488893E+02
   2.500   2.900   2.400    3.4640               NaN      1.782161E+02
   2.500   2.900   2.500    3.5340      1.692490E+02      2.138181E+02
   2.500   2.900   2.600    3.6060      2.300622E+02      2.331721E+02
   2.500   2.900   2.700    3.6780      2.962149E+02      2.544576E+02
   2.500   2.900   2.800    3.7520      3.679298E+02      2.789028E+02
   2.500   2.900   2.900    3.8280      4.454271E+02      3.065168E+02
   2.500   2.900   3.000    3.9040      5.289257E+02      3.368053E+02
   2.500   3.000   2.000    3.2000               NaN      8.867242E+01
   2.500   3.000   2.100    3.2640               NaN      1.082760E+02
   2.500   3.000   2.200    3.3300               NaN      1.311627E+02
   2.500   3.000   2.300    3.3960               NaN      1.576949E+02
   2.500   3.000   2.400    3.4640               NaN      1.886795E+02
   2.500   3.000   2.500    3.5340      1.811226E+02      2.261908E+02
   2.500   3.000   2.600    3.6060      2.462021E+02      2.459762E+02
   2.500   3.000   2.700    3.6780      3.169960E+02      2.679350E+02
   2.500   3.000   2.800    3.7520      3.937418E+02      2.933315E+02
   2.500   3.000   2.900    3.8280      4.766755E+02      3.221780E+02
   2.500   3.000   3.000    3.9040      5.660331E+02      3.539438E+02
   2.600   2.000   2.000    3.2800               NaN      4.185085E+01
   2.600   2.000   2.100    3.3420               NaN      5.117065E+01
   2.600   2.000   2.200    3.4040               NaN      6.191853E+01
   2.600   2.000   2.300    3.4700               NaN      7.460425E+01
   2.600   2.000   2.400    3.5380               NaN      8.942378E+01
   2.600   2.000   2.500    3.6060               NaN      1.068305E+02
   2.600   2.000   2.600    3.6760      9.055075E+01      1.285556E+02
   2.600   2.000   2.700    3.7480      1.217832E+02      1.441715E+02
   2.600   2.000   2.800    3.8200      1.556527E+02      1.597735E+02
   2.600   2.000   2.900    3.8940      1.922649E+02      1.764538E+02
   2.600   2.000   3.000    3.9680      2.317247E+02      1.941423E+02
   2.600   2.100   2.000    3.2800               NaN      4.522492E+01
   2.600   2.100   2.100    3.3420               NaN      5.528426E+01
   2.600   2.100   2.200    3.4040               NaN      6.687450E+01
   2.600   2.100   2.300    3.4700               NaN      8.054672E+01
   2.600   2.100   2.400    3.5380               NaN      9.650024E+01
   2.600   2.100   2.500    3.6060               NaN      1.152024E+02
   2.600   2.100   2.600    3.6760      9.983206E+01      1.384299E+02
   2.600   2.100   2.700    3.7480      1.342659E+02      1.545996E+02
   2.600   2.100   2.800    3.8200      1.716071E+02      1.709323E+02
   2.600   2.100   2.900    3.8940      2.119722E+02      1.885330E+02
   2.600   2.100   3.000    3.9680      2.554764E+02      2.073024E+02
   2.600   2.200   2.000    3.2800               NaN      4.873568E+01
   2.600   2.200   2.100    3.3420               NaN      5.956402E+01
   2.600   2.200   2.200    3.4040               NaN      7.202962E+01
   2.600   2.200   2.300    3.4700               NaN      8.672668E+01
   2.600   2.200   2.400    3.5380               NaN      1.038575E+02
   2.600   2.200   2.500    3.6060               NaN      1.239031E+02
   2.600   2.200   2.600    3.6760      1.095663E+02      1.486850E+02
   2.600   2.200   2.700    3.7480      1.473576E+02      1.653927E+02
   2.600   2.200   2.800    3.8200      1.883397E+02      1.824499E+02
   2.600   2.200   2.900    3.8940      2.326407E+02      2.009759E+02
   2.600   2.200   3.000    3.9680      2.803867E+02      2.208434E+02
   2.600   2.300   2.000    3.2800               NaN      5.238398E+01
   2.600   2.300   2.100    3.3420               NaN      6.401096E+01
   2.600   2.300   2.200    3.4040               NaN      7.738511E+01
   2.600   2.300   2.300    3.4700               NaN      9.314568E+01
   2.600   2.300   2.400    3.5380               NaN      1.114972E+02
   2.600   2.300   2.500    3.6060               NaN      1.329347E+02
   2.600   2.300   2.600    3.6760      1.197534E+02      1.593235E+02
   2.600   2.300   2.700    3.7480      1.610583E+02      1.765544E+02
   2.600   2.300   2.800    3.8200      2.058508E+02      1.943299E+02
   2.600   2.300   2.900    3.8940      2.542705E+02      2.137864E+02
   2.600   2.300   3.000    3.9680      3.064556E+02      2.347686E+02
   2.600   2.400   2.000    3.2800               NaN      5.617054E+01
   2.600   2.400   2.100    3.3420               NaN      6.862583E+01
   2.600   2.400   2.200    3.4040               NaN      8.294215E+01
   2.600   2.400   2.300    3.4700               NaN      9.980496E+01
   2.600   2.400   2.400    3.5380               NaN      1.194214E+02
   2.600   2.400   2.500    3.6060               NaN      1.422995E+02
   2.600   2.400   2.600    3.6760      1.303931E+02      1.703485E+02
   2.600   2.400   2.700    3.7480      1.753678E+02      1.880886E+02
   2.600   2.400   2.800    3.8200      2.241400E+02      2.065769E+02
   2.600   2.400   2.900    3.8940      2.768618E+02      2.269687E+02
   2.600   2.400   3.000    3.9680      3.336833E+02      2.490819E+02
   2.600   2.500   2.000    3.2800               NaN      6.009595E+01
   2.600   2.500   2.100    3.3420               NaN      7.340953E+01
   2.600   2.500   2.200    3.4040               NaN      8.870159E+01
   2.600   2.500   2.300    3.4700               NaN      1.067059E+02
   2.600   2.500   2.400    3.5380               NaN      1.276312E+02
   2.600   2.500   2.500    3.6060               NaN      1.519993E+02
   2.600   2.500   2.600    3.6760      1.414854E+02      1.817622E+02
   2.600   2.500   2.700    3.7480      1.902863E+02      1.999991E+02
   2.600   2.500   2.800    3.8200      2.432075E+02      2.191946E+02
   2.600   2.500   2.900    3.8940      3.004138E+02      2.405263E+02
   2.600   2.500   3.000    3.9680      3.620696E+02      2.637864E+02
   2.600   2.600   2.000    3.2800               NaN      6.416090E+01
   2.600   2.600   2.100    3.3420               NaN      7.836282E+01
   2.600   2.600   2.200    3.4040               NaN      9.466447E+01
   2.600   2.600   2.300    3.4700               NaN      1.138496E+02
   2.600   2.600   2.400    3.5380               NaN      1.361283E+02
   2.600   2.600   2.500    3.6060               NaN      1.620358E+02
   2.600   2.600   2.600    3.6760      1.530306E+02      1.935672E+02
   2.600   2.600   2.700    3.7480      2.058136E+02      2.122885E+02
   2.600   2.600   2.800    3.8200      2.630530E+02      2.321860E+02
   2.600   2.600   2.900    3.8940      3.249277E+02      2.544627E+02
   2.600   2.600   3.000    3.9680      3.916150E+02      2.788851E+02
   2.600   2.700   2.000    3.2800               NaN      6.836591E+01
   2.600   2.700   2.100    3.3420               NaN      8.348639E+01
   2.600   2.700   2.200    3.4040               NaN      1.008316E+02
   2.600   2.700   2.300    3.4700               NaN      1.212370E+02
   2.600   2.700   2.400    3.5380               NaN      1.449140E+02
   2.600   2.700   2.500    3.6060               NaN      1.724105E+02
   2.600   2.700   2.600    3.6760      1.650287E+02      2.057652E+02
   2.600   2.700   2.700    3.7480      2.219498E+02      2.249602E+02
   2.600   2.700   2.800    3.8200      2.836769E+02      2.455548E+02
   2.600   2.700   2.900    3.8940      3.504028E+02      2.687810E+02
   2.600   2.700   3.000    3.9680      4.223178E+02      2.943811E+02
   2.600   2.800   2.000    3.2800               NaN      7.271146E+01
   2.600   2.800   2.100    3.3420               NaN      8.878080E+01
   2.600   2.800   2.200    3.4040               NaN      1.072037E+02
   2.600   2.800   2.300    3.4700               NaN      1.288690E+02
   2.600   2.800   2.400    3.5380               NaN      1.539890E+02
   2.600   2.800   2.500    3.6060               NaN      1.831250E+02
   2.600   2.800   2.600    3.6760      1.774793E+02      2.183582E+02
   2.600   2.800   2.700    3.7480      2.386950E+02      2.380163E+02
   2.600   2.800   2.800    3.8200      3.050792E+02      2.593040E+02
   2.600   2.800   2.900    3.8940      3.768399E+02      2.834845E+02
   2.600   2.800   3.000    3.9680      4.541804E+02      3.102776E+02
   2.600   2.900   2.000    3.2800               NaN      7.719797E+01
   2.600   2.900   2.100    3.3420               NaN      9.424663E+01
   2.600   2.900   2.200    3.4040               NaN      1.137815E+02
   2.600   2.900   2.300    3.4700               NaN      1.367466E+02
   2.600   2.900   2.400    3.5380               NaN      1.633547E+02
   2.600   2.900   2.500    3.6060               NaN      1.941806E+02
   2.600   2.900   2.600    3.6760      1.903830E+02      2.313479E+02
   2.600   2.900   2.700    3.7480      2.560493E+02      2.514597E+02
   2.600   2.900   2.800    3.8200      3.272599E+02      2.734363E+02
   2.600   2.900   2.900    3.8940      4.042374E+02      2.985758E+02
   2.600   2.900   3.000    3.9680      4.872010E+02      3.265770E+02
   2.600   3.000   2.000    3.2800               NaN      8.182595E+01
   2.600   3.000   2.100    3.3420               NaN      9.988451E+01
   2.600   3.000   2.200    3.4040               NaN      1.205656E+02
   2.600   3.000   2.300    3.4700               NaN      1.448704E+02
   2.600   3.000   2.400    3.5380               NaN      1.730121E+02
   2.600   3.000   2.500    3.6060               NaN      2.055784E+02
   2.600   3.000   2.600    3.6760      2.037392E+02      2.447360E+02
   2.600   3.000   2.700    3.7480      2.740122E+02      2.652922E+02
   2.600   3.000   2.800    3.8200      3.502188E+02      2.879543E+02
   2.600   3.000   2.900    3.8940      4.325964E+02      3.140577E+02
   2.600   3.000   3.000    3.9680      5.213804E+02      3.432815E+02
   2.700   2.000   2.000    3.3600               NaN      3.871097E+01
   2.700   2.000   2.100    3.4200               NaN      4.720045E+01
   2.700   2.000   2.200    3.4820               NaN      5.714413E+01
   2.700   2.000   2.300    3.5460               NaN      6.871357E+01
   2.700   2.000   2.400    3.6120               NaN      8.216918E+01
   2.700   2.000   2.500    3.6780               NaN      9.766695E+01
   2.700   2.000   2.600    3.7480               NaN      1.160036E+02
   2.700   2.000   2.700    3.8180      1.014063E+02      1.386738E+02
   2.700   2.000   2.800    3.8880      1.350353E+02      1.547720E+02
   2.700   2.000   2.900    3.9620      1.713993E+02      1.710661E+02
   2.700   2.000   3.000    4.0360      2.106031E+02      1.882949E+02
   2.700   2.100   2.000    3.3600               NaN      4.183829E+01
   2.700   2.100   2.100    3.4200               NaN      5.100293E+01
   2.700   2.100   2.200    3.4820               NaN      6.173338E+01
   2.700   2.100   2.300    3.5460               NaN      7.421087E+01
   2.700   2.100   2.400    3.6120               NaN      8.871153E+01
   2.700   2.100   2.500    3.6780               NaN      1.053899E+02
   2.700   2.100   2.600    3.7480               NaN      1.250911E+02
   2.700   2.100   2.700    3.8180      1.118004E+02      1.493264E+02
   2.700   2.100   2.800    3.8880      1.488764E+02      1.659826E+02
   2.700   2.100   2.900    3.9620      1.889677E+02      1.830395E+02
   2.700   2.100   3.000    4.0360      2.321900E+02      2.012083E+02
   2.700   2.200   2.000    3.3600               NaN      4.509270E+01
   2.700   2.200   2.100    3.4200               NaN      5.495940E+01
   2.700   2.200   2.200    3.4820               NaN      6.650779E+01
   2.700   2.200   2.300    3.5460               NaN      7.992903E+01
   2.700   2.200   2.400    3.6120               NaN      9.551515E+01
   2.700   2.200   2.500    3.6780               NaN      1.134191E+02
   2.700   2.200   2.600    3.7480               NaN      1.345354E+02
   2.700   2.200   2.700    3.8180      1.227015E+02      1.603896E+02
   2.700   2.200   2.800    3.8880      1.633926E+02      1.775864E+02
   2.700   2.200   2.900    3.9620      2.073931E+02      1.953999E+02
   2.700   2.200   3.000    4.0360      2.548297E+02      2.145126E+02
   2.700   2.300   2.000    3.3600               NaN      4.847477E+01
   2.700   2.300   2.100    3.4200               NaN      5.907073E+01
   2.700   2.300   2.200    3.4820               NaN      7.146841E+01
   2.700   2.300   2.300    3.5460               NaN      8.586932E+01
   2.700   2.300   2.400    3.6120               NaN      1.025819E+02
   2.700   2.300   2.500    3.6780               NaN      1.217563E+02
   2.700   2.300   2.600    3.7480               NaN      1.443386E+02
   2.700   2.300   2.700    3.8180      1.341097E+02      1.718667E+02
   2.700   2.300   2.800    3.8880      1.785843E+02      1.895881E+02
   2.700   2.300   2.900    3.9620      2.266756E+02      2.081517E+02
   2.700   2.300   3.000    4.0360      2.785226E+02      2.282123E+02
   2.700   2.400   2.000    3.3600               NaN      5.198534E+01
   2.700   2.400   2.100    3.4200               NaN      6.333772E+01
   2.700   2.400   2.200    3.4820               NaN      7.661623E+01
   2.700   2.400   2.300    3.5460               NaN      9.203299E+01
   2.700   2.400   2.400    3.6120               NaN      1.099131E+02
   2.700   2.400   2.500    3.6780               NaN      1.304037E+02
   2.700   2.400   2.600    3.7480               NaN      1.545035E+02
   2.700   2.400   2.700    3.8180      1.460251E+02      1.837606E+02
   2.700   2.400   2.800    3.8880      1.944509E+02      2.019914E+02
   2.700   2.400   2.900    3.9620      2.468150E+02      2.212996E+02
   2.700   2.400   3.000    4.0360      3.032684E+02      2.423124E+02
   2.700   2.500   2.000    3.3600               NaN      5.562485E+01
   2.700   2.500   2.100    3.4200               NaN      6.776114E+01
   2.700   2.500   2.200    3.4820               NaN      8.195241E+01
   2.700   2.500   2.300    3.5460               NaN      9.842104E+01
   2.700   2.500   2.400    3.6120               NaN      1.175100E+02
   2.700   2.500   2.500    3.6780               NaN      1.393628E+02
   2.700   2.500   2.600    3.7480               NaN      1.650318E+02
   2.700   2.500   2.700    3.8180      1.584474E+02      1.960739E+02
   2.700   2.500   2.800    3.8880      2.109927E+02      2.148002E+02
   2.700   2.500   2.900    3.9620      2.678116E+02      2.348473E+02
   2.700   2.500   3.000    4.0360      3.290675E+02      2.568162E+02
   2.700   2.600   2.000    3.3600               NaN      5.939395E+01
   2.700   2.600   2.100    3.4200               NaN      7.234170E+01
   2.700   2.600   2.200    3.4820               NaN      8.747740E+01
   2.700   2.600   2.300    3.5460               NaN      1.050347E+02
   2.700   2.600   2.400    3.6120               NaN      1.253741E+02
   2.700   2.600   2.500    3.6780               NaN      1.486349E+02
   2.700   2.600   2.600    3.7480               NaN      1.759255E+02
   2.700   2.600   2.700    3.8180      1.713766E+02      2.088092E+02
   2.700   2.600   2.800    3.8880      2.282097E+02      2.280177E+02
   2.700   2.600   2.900    3.9620      2.896648E+02      2.487989E+02
   2.700   2.600   3.000    4.0360      3.559194E+02      2.717275E+02
   2.700   2.700   2.000    3.3600               NaN      6.329319E+01
   2.700   2.700   2.100    3.4200               NaN      7.707992E+01
   2.700   2.700   2.200    3.4820               NaN      9.319218E+01
   2.700   2.700   2.300    3.5460               NaN      1.118748E+02
   2.700   2.700   2.400    3.6120               NaN      1.335065E+02
   2.700   2.700   2.500    3.6780               NaN      1.582216E+02
   2.700   2.700   2.600    3.7480               NaN      1.871861E+02
   2.700   2.700   2.700    3.8180      1.848129E+02      2.219689E+02
   2.700   2.700   2.800    3.8880      2.461019E+02      2.416470E+02
   2.700   2.700   2.900    3.9620      3.123751E+02      2.631573E+02
   2.700   2.700   3.000    4.0360      3.838239E+02      2.870503E+02
   2.700   2.800   2.000    3.3600               NaN      6.732294E+01
   2.700   2.800   2.100    3.4200               NaN      8.197643E+01
   2.700   2.800   2.200    3.4820               NaN      9.909747E+01
   2.700   2.800   2.300    3.5460               NaN      1.189422E+02
   2.700   2.800   2.400    3.6120               NaN      1.419081E+02
   2.700   2.800   2.500    3.6780               NaN      1.681244E+02
   2.700   2.800   2.600    3.7480               NaN      1.988155E+02
   2.700   2.800   2.700    3.8180      1.987563E+02      2.355547E+02
   2.700   2.800   2.800    3.8880      2.646690E+02      2.556909E+02
   2.700   2.800   2.900    3.9620      3.359427E+02      2.779263E+02
   2.700   2.800   3.000    4.0360      4.127821E+02      3.027874E+02
   2.700   2.900   2.000    3.3600               NaN      7.148365E+01
   2.700   2.900   2.100    3.4200               NaN      8.703175E+01
   2.700   2.900   2.200    3.4820               NaN      1.051938E+02
   2.700   2.900   2.300    3.5460               NaN      1.262377E+02
   2.700   2.900   2.400    3.6120               NaN      1.505799E+02
   2.700   2.900   2.500    3.6780               NaN      1.783441E+02
   2.700   2.900   2.600    3.7480               NaN      2.108151E+02
   2.700   2.900   2.700    3.8180      2.132067E+02      2.495681E+02
   2.700   2.900   2.800    3.8880      2.839115E+02      2.701522E+02
   2.700   2.900   2.900    3.9620      3.603672E+02      2.931086E+02
   2.700   2.900   3.000    4.0360      4.427928E+02      3.189422E+02
   2.700   3.000   2.000    3.3600               NaN      7.577573E+01
   2.700   3.000   2.100    3.4200               NaN      9.224631E+01
   2.700   3.000   2.200    3.4820               NaN      1.114818E+02
   2.700   3.000   2.300    3.5460               NaN      1.337619E+02
   2.700   3.000   2.400    3.6120               NaN      1.595228E+02
   2.700   3.000   2.500    3.6780               NaN      1.888818E+02
   2.700   3.000   2.600    3.7480               NaN      2.231859E+02
   2.700   3.000   2.700    3.8180      2.281641E+02      2.640117E+02
   2.700   3.000   2.800    3.8880      3.038295E+02      2.850332E+02
   2.700   3.000   2.900    3.9620      3.856480E+02      3.087070E+02
   2.700   3.000   3.000    4.0360      4.738571E+02      3.355168E+02
   2.800   2.000   2.000    3.4400               NaN      3.586717E+01
   2.800   2.000   2.100    3.4980               NaN      4.372611E+01
   2.800   2.000   2.200    3.5600               NaN      5.291819E+01
   2.800   2.000   2.300    3.6220               NaN      6.354947E+01
   2.800   2.000   2.400    3.6860               NaN      7.578175E+01
   2.800   2.000   2.500    3.7520               NaN      8.998179E+01
   2.800   2.000   2.600    3.8200               NaN      1.063539E+02
   2.800   2.000   2.700    3.8880               NaN      1.254466E+02
   2.800   2.000   2.800    3.9580      1.130963E+02      1.490426E+02
   2.800   2.000   2.900    4.0300      1.492112E+02      1.658898E+02
   2.800   2.000   3.000    4.1020      1.881576E+02      1.825950E+02
   2.800   2.100   2.000    3.4400               NaN      3.876832E+01
   2.800   2.100   2.100    3.4980               NaN      4.725505E+01
   2.800   2.100   2.200    3.5600               NaN      5.717867E+01
   2.800   2.100   2.300    3.6220               NaN      6.865007E+01
   2.800   2.100   2.400    3.6860               NaN      8.183967E+01
   2.800   2.100   2.500    3.7520               NaN      9.714035E+01
   2.800   2.100   2.600    3.8200               NaN      1.147594E+02
   2.800   2.100   2.700    3.8880               NaN      1.352678E+02
   2.800   2.100   2.800    3.9580      1.246886E+02      1.604893E+02
   2.800   2.100   2.900    4.0300      1.645051E+02      1.779256E+02
   2.800   2.100   3.000    4.1020      2.074438E+02      1.953969E+02
   2.800   2.200   2.000    3.4400               NaN      4.178749E+01
   2.800   2.200   2.100    3.4980               NaN      5.092719E+01
   2.800   2.200   2.200    3.5600               NaN      6.161156E+01
   2.800   2.200   2.300    3.6220               NaN      7.395634E+01
   2.800   2.200   2.400    3.6860               NaN      8.814062E+01
   2.800   2.200   2.500    3.7520               NaN      1.045845E+02
   2.800   2.200   2.600    3.8200               NaN      1.234982E+02
   2.800   2.200   2.700    3.8880               NaN      1.454741E+02
   2.800   2.200   2.800    3.9580      1.368465E+02      1.723770E+02
   2.800   2.200   2.900    4.0300      1.805452E+02      1.903853E+02
   2.800   2.200   3.000    4.1020      2.276706E+02      2.086146E+02
   2.800   2.300   2.000    3.4400               NaN      4.492533E+01
   2.800   2.300   2.100    3.4980               NaN      5.474333E+01
   2.800   2.300   2.200    3.5600               NaN      6.621785E+01
   2.800   2.300   2.300    3.6220               NaN      7.946947E+01
   2.800   2.300   2.400    3.6860               NaN      9.468627E+01
   2.800   2.300   2.500    3.7520               NaN      1.123162E+02
   2.800   2.300   2.600    3.8200               NaN      1.325720E+02
   2.800   2.300   2.700    3.8880               NaN      1.560686E+02
   2.800   2.300   2.800    3.9580      1.495698E+02      1.847097E+02
   2.800   2.300   2.900    4.0300      1.973317E+02      2.032735E+02
   2.800   2.300   3.000    4.1020      2.488383E+02      2.222531E+02
   2.800   2.400   2.000    3.4400               NaN      4.818252E+01
   2.800   2.400   2.100    3.4980               NaN      5.870424E+01
   2.800   2.400   2.200    3.5600               NaN      7.099843E+01
   2.800   2.400   2.300    3.6220               NaN      8.519060E+01
   2.800   2.400   2.400    3.6860               NaN      1.014777E+02
   2.800   2.400   2.500    3.7520               NaN      1.203371E+02
   2.800   2.400   2.600    3.8200               NaN      1.419831E+02
   2.800   2.400   2.700    3.8880               NaN      1.670533E+02
   2.800   2.400   2.800    3.9580      1.628587E+02      1.974898E+02
   2.800   2.400   2.900    4.0300      2.148640E+02      2.165942E+02
   2.800   2.400   3.000    4.1020      2.709469E+02      2.363169E+02
   2.800   2.500   2.000    3.4400               NaN      5.155948E+01
   2.800   2.500   2.100    3.4980               NaN      6.281060E+01
   2.800   2.500   2.200    3.5600               NaN      7.595415E+01
   2.800   2.500   2.300    3.6220               NaN      9.112073E+01
   2.800   2.500   2.400    3.6860               NaN      1.085164E+02
   2.800   2.500   2.500    3.7520               NaN      1.286486E+02
   2.800   2.500   2.600    3.8200               NaN      1.517334E+02
   2.800   2.500   2.700    3.8880               NaN      1.784305E+02
   2.800   2.500   2.800    3.9580      1.767132E+02      2.107207E+02
   2.800   2.500   2.900    4.0300      2.331423E+02      2.303520E+02
   2.800   2.500   3.000    4.1020      2.939964E+02      2.508105E+02
   2.800   2.600   2.000    3.4400               NaN      5.505688E+01
   2.800   2.600   2.100    3.4980               NaN      6.706300E+01
   2.800   2.600   2.200    3.5600               NaN      8.108575E+01
   2.800   2.600   2.300    3.6220               NaN      9.726074E+01
   2.800   2.600   2.400    3.6860               NaN      1.158034E+02
   2.800   2.600   2.500    3.7520               NaN      1.372521E+02
   2.800   2.600   2.600    3.8200               NaN      1.618244E+02
   2.800   2.600   2.700    3.8880               NaN      1.902025E+02
   2.800   2.600   2.800    3.9580      1.911329E+02      2.244049E+02
   2.800   2.600   2.900    4.0300      2.521667E+02      2.445494E+02
   2.800   2.600   3.000    4.1020      3.179861E+02      2.657381E+02
   2.800   2.700   2.000    3.4400               NaN      5.867506E+01
   2.800   2.700   2.100    3.4980               NaN      7.146211E+01
   2.800   2.700   2.200    3.5600               NaN      8.639404E+01
   2.800   2.700   2.300    3.6220               NaN      1.036115E+02
   2.800   2.700   2.400    3.6860               NaN      1.233398E+02
   2.800   2.700   2.500    3.7520               NaN      1.461490E+02
   2.800   2.700   2.600    3.8200               NaN      1.722577E+02
   2.800   2.700   2.700    3.8880               NaN      2.023710E+02
   2.800   2.700   2.800    3.9580      2.061181E+02      2.385449E+02
   2.800   2.700   2.900    4.0300      2.719373E+02      2.591906E+02
   2.800   2.700   3.000    4.1020      3.429170E+02      2.811027E+02
   2.800   2.800   2.000    3.4400               NaN      6.241449E+01
   2.800   2.800   2.100    3.4980               NaN      7.600834E+01
   2.800   2.800   2.200    3.5600               NaN      9.187955E+01
   2.800   2.800   2.300    3.6220               NaN      1.101739E+02
   2.800   2.800   2.400    3.6860               NaN      1.311264E+02
   2.800   2.800   2.500    3.7520               NaN      1.553402E+02
   2.800   2.800   2.600    3.8200               NaN      1.830345E+02
   2.800   2.800   2.700    3.8880               NaN      2.149376E+02
   2.800   2.800   2.800    3.9580      2.216689E+02      2.531426E+02
   2.800   2.800   2.900    4.0300      2.924540E+02      2.742780E+02
   2.800   2.800   3.000    4.1020      3.687887E+02      2.969084E+02
   2.800   2.900   2.000    3.4400               NaN      6.627556E+01
   2.800   2.900   2.100    3.4980               NaN      8.070220E+01
   2.800   2.900   2.200    3.5600               NaN      9.754283E+01
   2.800   2.900   2.300    3.6220               NaN      1.169485E+02
   2.800   2.900   2.400    3.6860               NaN      1.391643E+02
   2.800   2.900   2.500    3.7520               NaN      1.648270E+02
   2.800   2.900   2.600    3.8200               NaN      1.941561E+02
   2.800   2.900   2.700    3.8880               NaN      2.279040E+02
   2.800   2.900   2.800    3.9580      2.377852E+02      2.682003E+02
   2.800   2.900   2.900    4.0300      3.137167E+02      2.898147E+02
   2.800   2.900   3.000    4.1020      3.956015E+02      3.131586E+02
   2.800   3.000   2.000    3.4400               NaN      7.025867E+01
   2.800   3.000   2.100    3.4980               NaN      8.554420E+01
   2.800   3.000   2.200    3.5600               NaN      1.033845E+02
   2.800   3.000   2.300    3.6220               NaN      1.239360E+02
   2.800   3.000   2.400    3.6860               NaN      1.474539E+02
   2.800   3.000   2.500    3.7520               NaN      1.746100E+02
   2.800   3.000   2.600    3.8200               NaN      2.056238E+02
   2.800   3.000   2.700    3.8880               NaN      2.412717E+02
   2.800   3.000   2.800    3.9580      2.544669E+02      2.837196E+02
   2.800   3.000   2.900    4.0300      3.357252E+02      3.058037E+02
   2.800   3.000   3.000    4.1020      4.233543E+02      3.298558E+02
   2.900   2.000   2.000    3.5220               NaN      3.338585E+01
   2.900   2.000   2.100    3.5800               NaN      4.071099E+01
   2.900   2.000   2.200    3.6400               NaN      4.920632E+01
   2.900   2.000   2.300    3.7000               NaN      5.898368E+01
   2.900   2.000   2.400    3.7640               NaN      7.035446E+01
   2.900   2.000   2.500    3.8280               NaN      8.332011E+01
   2.900   2.000   2.600    3.8940               NaN      9.825194E+01
   2.900   2.000   2.700    3.9620               NaN      1.154574E+02
   2.900   2.000   2.800    4.0300               NaN      1.354043E+02
   2.900   2.000   2.900    4.1000      1.256522E+02      1.599225E+02
   2.900   2.000   3.000    4.1720      1.643408E+02      1.773922E+02
   2.900   2.100   2.000    3.5220               NaN      3.608999E+01
   2.900   2.100   2.100    3.5800               NaN      4.400284E+01
   2.900   2.100   2.200    3.6400               NaN      5.317667E+01
   2.900   2.100   2.300    3.7000               NaN      6.372960E+01
   2.900   2.100   2.400    3.7640               NaN      7.599887E+01
   2.900   2.100   2.500    3.8280               NaN      8.997791E+01
   2.900   2.100   2.600    3.8940               NaN      1.060644E+02
   2.900   2.100   2.700    3.9620               NaN      1.245789E+02
   2.900   2.100   2.800    4.0300               NaN      1.460024E+02
   2.900   2.100   2.900    4.1000      1.385316E+02      1.722060E+02
   2.900   2.100   3.000    4.1720      1.811859E+02      1.902829E+02
   2.900   2.200   2.000    3.5220               NaN      3.890429E+01
   2.900   2.200   2.100    3.5800               NaN      4.742861E+01
   2.900   2.200   2.200    3.6400               NaN      5.730804E+01
   2.900   2.200   2.300    3.7000               NaN      6.866737E+01
   2.900   2.200   2.400    3.7640               NaN      8.187073E+01
   2.900   2.200   2.500    3.8280               NaN      9.690276E+01
   2.900   2.200   2.600    3.8940               NaN      1.141885E+02
   2.900   2.200   2.700    3.9620               NaN      1.340619E+02
   2.900   2.200   2.800    4.0300               NaN      1.570158E+02
   2.900   2.200   2.900    4.1000      1.520392E+02      1.849627E+02
   2.900   2.200   3.000    4.1720      1.988524E+02      2.036292E+02
   2.900   2.300   2.000    3.5220               NaN      4.182941E+01
   2.900   2.300   2.100    3.5800               NaN      5.098898E+01
   2.900   2.300   2.200    3.6400               NaN      6.160126E+01
   2.900   2.300   2.300    3.7000               NaN      7.379818E+01
   2.900   2.300   2.400    3.7640               NaN      8.797137E+01
   2.900   2.300   2.500    3.8280               NaN      1.040962E+02
   2.900   2.300   2.600    3.8940               NaN      1.226262E+02
   2.900   2.300   2.700    3.9620               NaN      1.439083E+02
   2.900   2.300   2.800    4.0300               NaN      1.684477E+02
   2.900   2.300   2.900    4.1000      1.661750E+02      1.981967E+02
   2.900   2.300   3.000    4.1720      2.173409E+02      2.174357E+02
   2.900   2.400   2.000    3.5220               NaN      4.486587E+01
   2.900   2.400   2.100    3.5800               NaN      5.468461E+01
   2.900   2.400   2.200    3.6400               NaN      6.605747E+01
   2.900   2.400   2.300    3.7000               NaN      7.912299E+01
   2.900   2.400   2.400    3.7640               NaN      9.430216E+01
   2.900   2.400   2.500    3.8280               NaN      1.115600E+02
   2.900   2.400   2.600    3.8940               NaN      1.313793E+02
   2.900   2.400   2.700    3.9620               NaN      1.541208E+02
   2.900   2.400   2.800    4.0300               NaN      1.803010E+02
   2.900   2.400   2.900    4.1000      1.809392E+02      2.119114E+02
   2.900   2.400   3.000    4.1720      2.366508E+02      2.317070E+02
   2.900   2.500   2.000    3.5220               NaN      4.801420E+01
   2.900   2.500   2.100    3.5800               NaN      5.851623E+01
   2.900   2.500   2.200    3.6400               NaN      7.067712E+01
   2.900   2.500   2.300    3.7000               NaN      8.464283E+01
   2.900   2.500   2.400    3.7640               NaN      1.008639E+02
   2.900   2.500   2.500    3.8280               NaN      1.192952E+02
   2.900   2.500   2.600    3.8940               NaN      1.404495E+02
   2.900   2.500   2.700    3.9620               NaN      1.647009E+02
   2.900   2.500   2.800    4.0300               NaN      1.925779E+02
   2.900   2.500   2.900    4.1000      1.963316E+02      2.261095E+02
   2.900   2.500   3.000    4.1720      2.567827E+02      2.464473E+02
   2.900   2.600   2.000    3.5220               NaN      5.127483E+01
   2.900   2.600   2.100    3.5800               NaN      6.248436E+01
   2.900   2.600   2.200    3.6400               NaN      7.546112E+01
   2.900   2.600   2.300    3.7000               NaN      9.035840E+01
   2.900   2.600   2.400    3.7640               NaN      1.076580E+02
   2.900   2.600   2.500    3.8280               NaN      1.273033E+02
   2.900   2.600   2.600    3.8940               NaN      1.498381E+02
   2.900   2.600   2.700    3.9620               NaN      1.756507E+02
   2.900   2.600   2.800    4.0300               NaN      2.052806E+02
   2.900   2.600   2.900    4.1000      2.123522E+02      2.407942E+02
   2.900   2.600   3.000    4.1720      2.777361E+02      2.616606E+02
   2.900   2.700   2.000    3.5220               NaN      5.464834E+01
   2.900   2.700   2.100    3.5800               NaN      6.658952E+01
   2.900   2.700   2.200    3.6400               NaN      8.041008E+01
   2.900   2.700   2.300    3.7000               NaN      9.627064E+01
   2.900   2.700   2.400    3.7640               NaN      1.146852E+02
   2.900   2.700   2.500    3.8280               NaN      1.355852E+02
   2.900   2.700   2.600    3.8940               NaN      1.595466E+02
   2.900   2.700   2.700    3.9620               NaN      1.869717E+02
   2.900   2.700   2.800    4.0300               NaN      2.184109E+02
   2.900   2.700   2.900    4.1000      2.290013E+02      2.559680E+02
   2.900   2.700   3.000    4.1720      2.995114E+02      2.773496E+02
   2.900   2.800   2.000    3.5220               NaN      5.813492E+01
   2.900   2.800   2.100    3.5800               NaN      7.083223E+01
   2.900   2.800   2.200    3.6400               NaN      8.552454E+01
   2.900   2.800   2.300    3.7000               NaN      1.023803E+02
   2.900   2.800   2.400    3.7640               NaN      1.219465E+02
   2.900   2.800   2.500    3.8280               NaN      1.441421E+02
   2.900   2.800   2.600    3.8940               NaN      1.695764E+02
   2.900   2.800   2.700    3.9620               NaN      1.986655E+02
   2.900   2.800   2.800    4.0300               NaN      2.319709E+02
   2.900   2.800   2.900    4.1000      2.462784E+02      2.716331E+02
   2.900   2.800   3.000    4.1720      3.221078E+02      2.935183E+02
   2.900   2.900   2.000    3.5220               NaN      6.173508E+01
   2.900   2.900   2.100    3.5800               NaN      7.521294E+01
   2.900   2.900   2.200    3.6400               NaN      9.080503E+01
   2.900   2.900   2.300    3.7000               NaN      1.086877E+02
   2.900   2.900   2.400    3.7640               NaN      1.294424E+02
   2.900   2.900   2.500    3.8280               NaN      1.529749E+02
   2.900   2.900   2.600    3.8940               NaN      1.799284E+02
   2.900   2.900   2.700    3.9620               NaN      2.107335E+02
   2.900   2.900   2.800    4.0300               NaN      2.459620E+02
   2.900   2.900   2.900    4.1000      2.641837E+02      2.877917E+02
   2.900   2.900   3.000    4.1720      3.455265E+02      3.101698E+02
   2.900   3.000   2.000    3.5220               NaN      6.544908E+01
   2.900   3.000   2.100    3.5800               NaN      7.973198E+01
   2.900   3.000   2.200    3.6400               NaN      9.625206E+01
   2.900   3.000   2.300    3.7000               NaN      1.151939E+02
   2.900   3.000   2.400    3.7640               NaN      1.371740E+02
   2.900   3.000   2.500    3.8280               NaN      1.620845E+02
   2.900   3.000   2.600    3.8940               NaN      1.906035E+02
   2.900   3.000   2.700    3.9620               NaN      2.231767E+02
   2.900   3.000   2.800    4.0300               NaN      2.603861E+02
   2.900   3.000   2.900    4.1000      2.827176E+02      3.044459E+02
   2.900   3.000   3.000    4.1720      3.697668E+02      3.273064E+02
   3.000   2.000   2.000    3.6040               NaN      3.110047E+01
   3.000   2.000   2.100    3.6600               NaN      3.790131E+01
   3.000   2.000   2.200    3.7200               NaN      4.585933E+01
   3.000   2.000   2.300    3.7800               NaN      5.497333E+01
   3.000   2.000   2.400    3.8400               NaN      6.539999E+01
   3.000   2.000   2.500    3.9040               NaN      7.742577E+01
   3.000   2.000   2.600    3.9680               NaN      9.112756E+01
   3.000   2.000   2.700    4.0360               NaN      1.069066E+02
   3.000   2.000   2.800    4.1020               NaN      1.247728E+02
   3.000   2.000   2.900    4.1720               NaN      1.456910E+02
   3.000   2.000   3.000    4.2420      1.391046E+02      1.711857E+02
   3.000   2.100   2.000    3.6040               NaN      3.362108E+01
   3.000   2.100   2.100    3.6600               NaN      4.096859E+01
   3.000   2.100   2.200    3.7200               NaN      4.956551E+01
   3.000   2.100   2.300    3.7800               NaN      5.940638E+01
   3.000   2.100   2.400    3.8400               NaN      7.065894E+01
   3.000   2.100   2.500    3.9040               NaN      8.363273E+01
   3.000   2.100   2.600    3.9680               NaN      9.840410E+01
   3.000   2.100   2.700    4.0360               NaN      1.154032E+02
   3.000   2.100   2.800    4.1020               NaN      1.346229E+02
   3.000   2.100   2.900    4.1720               NaN      1.570899E+02
   3.000   2.100   3.000    4.2420      1.533627E+02      1.843355E+02
   3.000   2.200   2.000    3.6040               NaN      3.624446E+01
   3.000   2.200   2.100    3.6600               NaN      4.416073E+01
   3.000   2.200   2.200    3.7200               NaN      5.342224E+01
   3.000   2.200   2.300    3.7800               NaN      6.401908E+01
   3.000   2.200   2.400    3.8400               NaN      7.613042E+01
   3.000   2.200   2.500    3.9040               NaN      9.008953E+01
   3.000   2.200   2.600    3.9680               NaN      1.059720E+02
   3.000   2.200   2.700    4.0360               NaN      1.242386E+02
   3.000   2.200   2.800    4.1020               NaN      1.448626E+02
   3.000   2.200   2.900    4.1720               NaN      1.689356E+02
   3.000   2.200   3.000    4.2420      1.683164E+02      1.979919E+02
   3.000   2.300   2.000    3.6040               NaN      3.897119E+01
   3.000   2.300   2.100    3.6600               NaN      4.747839E+01
   3.000   2.300   2.200    3.7200               NaN      5.743045E+01
   3.000   2.300   2.300    3.7800               NaN      6.881251E+01
   3.000   2.300   2.400    3.8400               NaN      8.181551E+01
   3.000   2.300   2.500    3.9040               NaN      9.679768E+01
   3.000   2.300   2.600    3.9680               NaN      1.138335E+02
   3.000   2.300   2.700    4.0360               NaN      1.334149E+02
   3.000   2.300   2.800    4.1020               NaN      1.554948E+02
   3.000   2.300   2.900    4.1720               NaN      1.812315E+02
   3.000   2.300   3.000    4.2420      1.839657E+02      2.121591E+02
   3.000   2.400   2.000    3.6040               NaN      4.180181E+01
   3.000   2.400   2.100    3.6600               NaN      5.092226E+01
   3.000   2.400   2.200    3.7200               NaN      6.159093E+01
   3.000   2.400   2.300    3.7800               NaN      7.378764E+01
   3.000   2.400   2.400    3.8400               NaN      8.771548E+01
   3.000   2.400   2.500    3.9040               NaN      1.037587E+02
   3.000   2.400   2.600    3.9680               NaN      1.219901E+02
   3.000   2.400   2.700    4.0360               NaN      1.429341E+02
   3.000   2.400   2.800    4.1020               NaN      1.665218E+02
   3.000   2.400   2.900    4.1720               NaN      1.939801E+02
   3.000   2.400   3.000    4.2420      2.003105E+02      2.268409E+02
   3.000   2.500   2.000    3.6040               NaN      4.473679E+01
   3.000   2.500   2.100    3.6600               NaN      5.449299E+01
   3.000   2.500   2.200    3.7200               NaN      6.590434E+01
   3.000   2.500   2.300    3.7800               NaN      7.894525E+01
   3.000   2.500   2.400    3.8400               NaN      9.383141E+01
   3.000   2.500   2.500    3.9040               NaN      1.109737E+02
   3.000   2.500   2.600    3.9680               NaN      1.304431E+02
   3.000   2.500   2.700    4.0360               NaN      1.527979E+02
   3.000   2.500   2.800    4.1020               NaN      1.779455E+02
   3.000   2.500   2.900    4.1720               NaN      2.071841E+02
   3.000   2.500   3.000    4.2420      2.173509E+02      2.420407E+02
   3.000   2.600   2.000    3.6040               NaN      4.777655E+01
   3.000   2.600   2.100    3.6600               NaN      5.819099E+01
   3.000   2.600   2.200    3.7200               NaN      7.037140E+01
   3.000   2.600   2.300    3.7800               NaN      8.428622E+01
   3.000   2.600   2.400    3.8400               NaN      1.001643E+02
   3.000   2.600   2.500    3.9040               NaN      1.184437E+02
   3.000   2.600   2.600    3.9680               NaN      1.391942E+02
   3.000   2.600   2.700    4.0360               NaN      1.630079E+02
   3.000   2.600   2.800    4.1020               NaN      1.897680E+02
   3.000   2.600   2.900    4.1720               NaN      2.208460E+02
   3.000   2.600   3.000    4.2420      2.350865E+02      2.577613E+02
   3.000   2.700   2.000    3.6040               NaN      5.092153E+01
   3.000   2.700   2.100    3.6600               NaN      6.201683E+01
   3.000   2.700   2.200    3.7200               NaN      7.499266E+01
   3.000   2.700   2.300    3.7800               NaN      8.981127E+01
   3.000   2.700   2.400    3.8400               NaN      1.067148E+02
   3.000   2.700   2.500    3.9040               NaN      1.261702E+02
   3.000   2.700   2.600    3.9680               NaN      1.482444E+02
   3.000   2.700   2.700    4.0360               NaN      1.735658E+02
   3.000   2.700   2.800    4.1020               NaN      2.019915E+02
   3.000   2.700   2.900    4.1720               NaN      2.349678E+02
   3.000   2.700   3.000    4.2420      2.535181E+02      2.740052E+02
   3.000   2.800   2.000    3.6040               NaN      5.417209E+01
   3.000   2.800   2.100    3.6600               NaN      6.597092E+01
   3.000   2.800   2.200    3.7200               NaN      7.976866E+01
   3.000   2.800   2.300    3.7800               NaN      9.552103E+01
   3.000   2.800   2.400    3.8400               NaN      1.134838E+02
   3.000   2.800   2.500    3.9040               NaN      1.341535E+02
   3.000   2.800   2.600    3.9680               NaN      1.575949E+02
   3.000   2.800   2.700    4.0360               NaN      1.844727E+02
   3.000   2.800   2.800    4.1020               NaN      2.146170E+02
   3.000   2.800   2.900    4.1720               NaN      2.495516E+02
   3.000   2.800   3.000    4.2420      2.726449E+02      2.907755E+02
   3.000   2.900   2.000    3.6040               NaN      5.752850E+01
   3.000   2.900   2.100    3.6600               NaN      7.005371E+01
   3.000   2.900   2.200    3.7200               NaN      8.469994E+01
   3.000   2.900   2.300    3.7800               NaN      1.014162E+02
   3.000   2.900   2.400    3.8400               NaN      1.204721E+02
   3.000   2.900   2.500    3.9040               NaN      1.423950E+02
   3.000   2.900   2.600    3.9680               NaN      1.672467E+02
   3.000   2.900   2.700    4.0360               NaN      1.957300E+02
   3.000   2.900   2.800    4.1020               NaN      2.276461E+02
   3.000   2.900   2.900    4.1720               NaN      2.645989E+02
   3.000   2.900   3.000    4.2420      2.924668E+02      3.080738E+02
   3.000   3.000   2.000    3.6040               NaN      6.099113E+01
   3.000   3.000   2.100    3.6600               NaN      7.426553E+01
   3.000   3.000   2.200    3.7200               NaN      8.978692E+01
   3.000   3.000   2.300    3.7800               NaN      1.074969E+02
   3.000   3.000   2.400    3.8400               NaN      1.276803E+02
   3.000   3.000   2.500    3.9040               NaN      1.508953E+02
   3.000   3.000   2.600    3.9680               NaN      1.772007E+02
   3.000   3.000   2.700    4.0360               NaN      2.073387E+02
   3.000   3.000   2.800    4.1020               NaN      2.410806E+02
   3.000   3.000   2.900    4.1720               NaN      2.801118E+02
   3.000   3.000   3.000    4.2420      3.129850E+02      3.259028E+02
